5001 47.31792643664476
6000 212.93948722749192
7000 2.0639169392863725
8000 317.8681285838681
9000 1009.0890313289558
10000 455.4164702165076
11000 241.96990542290018
12000 247.11731374099904
13000 343.5602356183384
14000 236.84209850144003
15000 318.5508029151828
16000 321.5021042087857
17000 384.29037455692685
18000 360.200722786772
19000 263.82417938296857
20000 230.38346793704423
21000 509.27079908575905
22000 543.7314947836219
23000 466.25126468651195
24000 586.2894621021882
25000 713.9627372356983
26000 639.3841307178852
27000 641.6195373764074
28000 720.3697107762039
29000 1111.427414174962
30000 424.6060801871716
31000 841.2447241297539
32000 1476.2619514407008
33000 1876.428034434918
34000 1284.9150878453559
35000 2356.5333413960243
36000 2795.9079440304035
37000 2943.9033728260697
38000 2405.6580916195326
39000 1863.6985644462904
40000 2059.0086612126624
41000 3206.24380638629
42000 898.6421458391094
43000 1991.147349321392
44000 3195.2033524283493
45000 3262.5538308789064
46000 3426.7930687336884
47000 2981.7050524516662
48000 3406.004162344993
49000 3141.2202092476864
50000 3550.2440859514004
51000 2376.042962108409
52000 2223.196465229538
53000 2464.029413011543
54000 2828.2865110059615
55000 1407.229336593517
56000 2007.469958553827
57000 2379.2621189112883
58000 2882.6866801439173
59000 2229.7366461856736
60000 3444.734236394374
61000 3375.31945249243
62000 2466.33078198763
63000 3552.539847296435
64000 1866.3276733080577
65000 1706.424974080348
66000 3590.671607934847
67000 1845.1793108398535
68000 3372.9980244601693
69000 1733.5853968062536
70000 1761.1978456754964
71000 2579.3990504273443
72000 2470.7874193268735
73000 1582.5804050758193
74000 1960.4463019102502
75000 1399.061152357612
76000 2658.657835217785
77000 3679.2862773036736
78000 2723.3637533484816
79000 2026.6025393258224
80000 1750.1511656425828
81000 1696.0595869770436
82000 1166.8169887861432
83000 3043.468119634623
84000 2055.5182555362207
85000 1965.0832194500713
86000 2255.616829232069
87000 2528.1919024651593
88000 3621.2639279336618
89000 3629.0065756557133
90000 2082.8788471856437
91000 2261.5506676804894
92000 2776.0425457200495
93000 2900.075758105903
94000 1398.9189428371903
95000 2027.3057144972704
96000 2629.423986282066
97000 2918.769447917059
98000 2973.125686077242
99000 3410.8578746521403
100000 3693.712086084467
101000 3729.392169478158
102000 3679.6453628395057
103000 1946.39594324201
104000 3710.3364972330046
105000 1747.551634760562
106000 1930.1419526286004
107000 3713.506662571075
108000 3350.875382878471
109000 3689.5815628772825
110000 2810.4319402058263
111000 2466.918464291803
112000 3688.5699910431404
113000 3711.0237382784508
114000 3704.689766309182
115000 3718.266411940949
116000 2777.899868318723
117000 3688.926199477822
118000 2958.0640384610842
119000 3532.061725412008
120000 3734.312009297008
121000 3732.394866299207
122000 3409.4648397064398
123000 2027.6779590085334
124000 3733.698926901025
125000 3209.040447141746
126000 3727.9869406179328
127000 3662.6728337718887
128000 3550.714817485431
129000 3731.2920048019196
130000 3739.729215951057
