5001 24.500135405247114
6000 363.9021821623414
7000 293.40444846698364
8000 981.8566042236065
9000 418.7631796483721
10000 476.3465038406656
11000 368.93983157146505
12000 1020.118945216103
13000 533.6416736990927
14000 219.74792564946625
15000 320.76752382121435
16000 325.9725955038307
17000 306.904217552143
18000 312.6162085812202
19000 326.5565714996154
20000 362.91726516440946
21000 382.3726256262179
22000 381.61499062927925
23000 179.1145194962234
24000 419.8718292126462
25000 433.6767171744473
26000 405.1566195012658
27000 519.1558326004786
28000 554.4748563966486
29000 544.2983240454075
30000 540.9938766385951
31000 519.3575184619826
32000 618.688008178099
33000 583.4634125434061
34000 626.2489285238879
35000 876.8743879942198
36000 883.188082730873
37000 825.2071996505435
38000 851.4546866509487
39000 1257.2761833396153
40000 785.8483021129663
41000 801.1579099875178
42000 841.0489599496566
43000 839.2575213124285
44000 836.9807805124685
45000 731.1625965358719
46000 791.5899669631716
47000 770.3560462287867
48000 1115.0725414438239
49000 843.3141221997312
50000 858.8724767074594
51000 782.8637734560346
52000 910.27109355883
53000 876.762552678598
54000 906.1430754134678
55000 833.0314365202318
56000 908.3569383771592
57000 2665.1741097397157
58000 677.5710694407169
59000 1934.967118472702
60000 1693.0841458440002
61000 606.4242681442887
62000 849.4095278106081
63000 2178.5085779368724
64000 993.7861543977476
65000 926.4508027815093
66000 1966.1077540860667
67000 1884.752099012435
68000 3078.3544451694133
69000 2742.880291050992
70000 1764.613225972988
71000 2827.1167260644274
72000 3049.686099970065
73000 3104.2399398646685
74000 3077.9150719862887
75000 3153.90064492469
76000 3132.2969506741442
77000 3118.542385162544
78000 3106.898713785238
79000 2876.626534727745
80000 3156.683486427481
81000 3162.9335172220367
82000 3234.2932095612096
83000 3195.8193100175945
84000 3230.45202742643
85000 3192.656138832421
86000 3248.8739461492414
87000 3252.250757904117
88000 3230.54950133906
89000 3182.844028357064
90000 3249.0316681580466
91000 3229.8608883356283
92000 3280.088976963776
93000 3263.0519351765624
94000 3232.772312238855
95000 3269.796394406843
96000 3298.83385315547
97000 3245.479883057784
98000 3294.5336568911925
99000 3280.7502321103325
100000 3328.1918088472476
101000 3321.4245636425935
102000 3278.067084914232
103000 3295.3644785960437
104000 3333.4087956413487
105000 3316.450748196785
106000 3336.057034499775
107000 3301.7453215272776
108000 3307.9480276878653
109000 3317.4194582961295
110000 3338.3402676067735
111000 3344.6719298308462
112000 3314.0077901770483
113000 3300.4273710464463
114000 3313.1539145085017
115000 3293.925564728101
116000 3315.5701424100725
117000 3317.7084797625976
118000 3324.961833939879
119000 3316.5791779805163
120000 3337.296090351171
121000 3318.9744214410894
122000 3329.7732756479845
123000 3354.0966443748853
124000 3361.5157294215396
125000 3334.4740498043952
126000 3350.7480334363136
127000 3354.22108248699
128000 3353.3995123701725
129000 3356.920267953229
130000 3359.4287563433636
