5001 115.41641561371428
6000 211.8833782050254
7000 2113.978795914194
8000 279.83175757555637
9000 991.3134582327742
10000 56.49934769112912
11000 330.8214570297747
12000 54.77590736287671
13000 253.74589161132707
14000 385.63239692285094
15000 108.18888367075382
16000 594.3986031413173
17000 490.701547356976
18000 468.6852925824229
19000 680.9232492585598
20000 646.0301736829452
21000 669.2439311244239
22000 965.6359914195793
23000 1182.7796247213205
24000 722.0522249582611
25000 686.3042201365394
26000 699.1871255801325
27000 786.8885505022171
28000 899.9093749028601
29000 1097.6668886106368
30000 1451.6342170333428
31000 3226.6750493910126
32000 965.5622612636313
33000 1050.6825186173294
34000 1634.3134770774536
35000 1256.4624372538635
36000 3105.211371421432
37000 3171.2237553727637
38000 933.329231376935
39000 3258.844824977214
40000 3118.4197378068975
41000 1449.4141133068817
42000 998.6515887472503
43000 3066.1648350314194
44000 3125.5069303373893
45000 1235.6732972663337
46000 3124.013851653024
47000 1581.4043556266781
48000 987.8124577008803
49000 1022.9610334128486
50000 1047.4736767864174
51000 1007.9595401368575
52000 1061.8658548233211
53000 3228.4254693895887
54000 3012.955334778312
55000 1111.1136609118469
56000 1033.5732305430004
57000 1075.9816990496508
58000 1097.922482026909
59000 1821.5467503060888
60000 3235.309737444785
61000 3213.05862180727
62000 2690.926175847224
63000 3209.5180563912813
64000 3166.6631754690547
65000 3199.7593044286523
66000 2931.380312898645
67000 3255.105390166748
68000 3248.7020383171593
69000 3271.070533296742
70000 3243.4604795623736
71000 3230.8799612449516
72000 3272.433499249687
73000 3266.277769092976
74000 3254.8072358120726
75000 3300.4309852141
76000 3296.8793686830118
77000 3320.5220983868626
78000 3298.5376407286903
79000 3290.971635624143
80000 3274.372438999487
81000 3343.993062744745
82000 3370.5851742101268
83000 3366.2307033811107
84000 3348.3198736038153
85000 3381.5431647659616
86000 3344.2806494145284
87000 3390.019515368686
88000 3348.218553288113
89000 3345.1999733748644
90000 3312.224252131034
91000 3369.833992510788
92000 3371.2715363711277
93000 3363.826792377243
94000 3372.801970267974
95000 3361.7814378814983
96000 3375.564418834393
97000 3364.8381974419344
98000 3366.007449842913
99000 3271.053606716877
100000 3445.964402733779
101000 3434.826567992803
102000 3461.9907446153893
103000 3448.828844449934
104000 3386.3399465482885
105000 3423.806108867257
106000 3423.7019904495637
107000 3482.7144628913447
108000 3438.5358681387675
109000 3446.181424038249
110000 3473.824809828554
111000 3285.751027056032
112000 3464.5700462199384
113000 3474.4152769465823
114000 3467.495508667014
115000 3501.7436196251715
116000 3525.6318876671576
117000 3498.872010521119
118000 3523.9205873029946
119000 3520.3340595426625
120000 3508.7140423179167
121000 3552.601491427557
122000 3522.0629729175807
123000 3561.7807745275886
124000 3513.3571049068996
125000 3515.5365358218965
126000 3157.156614135768
127000 3519.2025292289536
128000 3540.0234289231316
129000 3563.354751361307
130000 3522.2402119903372
