5001 47.31792643664476
6000 212.93948722749192
7000 2.0639169392863725
8000 317.8681285838681
9000 1009.0890313289558
10000 455.4164702165076
11000 259.1487246945925
12000 290.0785127414758
13000 311.7340725180061
14000 75.40494153077347
15000 167.5096292015856
16000 333.17862499689284
17000 332.627926045577
18000 451.94231521470437
19000 460.2290249228399
20000 419.1413776546031
21000 576.1595468747057
22000 1457.3267549381594
23000 264.2659445903961
24000 171.5522216588425
25000 807.5085191368289
26000 558.1885667624372
27000 1013.6879338460907
28000 1052.8081731801133
29000 833.3253773558721
30000 1692.1391402269662
31000 950.6929688977904
32000 1045.561659826793
33000 1176.8894512810964
34000 2078.5613256023375
35000 1240.1559218089997
36000 1483.8497675126696
37000 2931.9964817670943
38000 3070.9390085267705
39000 3014.288209853142
40000 2940.116486489638
41000 3179.7026817839533
42000 3244.9191491137126
43000 3237.137972273643
44000 3256.480981589504
45000 3237.272817091639
46000 3240.160445697603
47000 3255.770294475531
48000 3245.572901310448
49000 3262.0164350048376
50000 3245.5793299945253
51000 3272.4276863957266
52000 3250.4120457209146
53000 3241.1660812498235
54000 2699.175851254833
55000 3286.697259901602
56000 3230.7986740993483
57000 3197.1988512194466
58000 3244.1348530972596
59000 3239.8091186757597
60000 3310.2215746641546
61000 3281.516421655392
62000 3265.11719923313
63000 3248.3937068942255
64000 3257.032953522175
65000 3311.89329139228
66000 3276.8657776621794
67000 3269.544951254614
68000 3147.93795379347
69000 3325.1669497274715
70000 3323.932684433485
71000 3335.2118274372647
72000 3352.3566565260094
73000 3072.8637010719494
74000 3311.6330205569748
75000 3359.518296476393
76000 3286.5537093369594
77000 3309.8076046375345
78000 3352.5642842447646
79000 3278.3944086199836
80000 3296.71936506197
81000 3351.750745187352
82000 3300.929350851796
83000 3319.4227553887567
84000 3288.483052327886
85000 3296.336326979006
86000 2640.250372646206
87000 3314.7081467372964
88000 3333.0442488978697
89000 3287.0103392087394
90000 3334.1780077929734
91000 3332.3620474939953
92000 3300.2253470834426
93000 3318.905216492257
94000 3324.122766114874
95000 3328.1610718497877
96000 2357.7278080129818
97000 3344.3259914402092
98000 2834.776118518393
99000 2460.4711337586987
100000 3323.532084309029
101000 3363.2613281403987
102000 3319.5219961354837
103000 3357.923887545678
104000 3372.7504520718658
105000 3308.3900210283673
106000 3318.0721187127538
107000 3298.5753902206184
108000 3330.636058478739
109000 3287.9915543710413
110000 3141.048105676094
111000 3251.742190625766
112000 3340.5884200957676
113000 3327.4897464874352
114000 3349.381375078899
115000 3360.560108077957
116000 943.2696257429097
117000 3368.002915084888
118000 1133.2201323396935
119000 3334.8272945479307
120000 3154.791957971528
121000 1068.3103293813972
122000 3347.842234987147
123000 3433.358010656477
124000 3365.009826723952
125000 3511.2078781287773
126000 3346.708261925303
127000 1885.2723083304886
128000 3061.3809603202562
129000 3299.054067584977
130000 1042.1706399279228
