5001 24.500135405247114
5001 24.500135405247114
6000 363.9021821623414
7000 293.40444846698364
8000 981.8566042236065
9000 418.7631796483721
10000 476.3465038406656
11000 258.9070328281179
12000 1016.3026094704494
13000 296.2734762168601
14000 310.2198850011281
15000 325.5647084522876
16000 362.5605941213654
17000 1026.8846748656056
18000 316.84921595528874
19000 336.4694747131035
20000 325.05125952144806
21000 387.7366595058638
22000 329.47229178922413
23000 340.48467932890844
24000 400.7497141459759
25000 399.1111442424773
26000 406.8854227579489
27000 405.9579383873803
28000 427.23468312799685
29000 482.4381363028827
30000 436.9004410248266
31000 443.00556318412816
32000 454.97934657059614
33000 594.0194933692412
34000 608.4794184099609
35000 580.6160957188524
36000 594.6858734801614
37000 573.2515376883398
38000 564.1537284148673
39000 638.2288454056751
40000 570.4066764162297
41000 545.3694100647488
42000 603.2519612177758
43000 643.4264015742685
44000 640.0829300395988
45000 700.9874769226158
46000 674.0972201148688
47000 641.4715571324634
48000 701.1626574228494
49000 226.14652565791266
50000 791.5689823611998
51000 985.4902901619483
52000 797.6743135381381
53000 844.3828963063746
54000 824.6059320073837
55000 1118.9349006325706
56000 935.8453461345429
57000 981.1020414151242
58000 1745.8377000044911
59000 1217.199681800169
60000 893.6919037770501
61000 2580.959617086771
62000 895.6852878846099
63000 831.4100157468041
64000 936.8599400332936
65000 997.0481802386679
66000 933.1269365045844
67000 848.0927597610622
68000 1569.8049607552507
69000 960.447016543666
70000 978.4551632488983
71000 2296.868956810478
72000 2059.7900721726787
73000 982.038507096208
74000 841.6672874645776
75000 949.7580180272622
76000 978.6493332963528
77000 1122.0955032666338
78000 949.2804894719342
79000 1059.5885930935656
80000 979.6209622985037
81000 956.9369613795668
82000 3125.052983246628
83000 3158.7103379665105
84000 1418.4516937491317
85000 1711.6728424521552
86000 1227.7552196128217
87000 3160.635328686677
88000 1204.2228862482878
89000 1107.9391749406782
90000 1402.7615499133722
91000 1268.02488611729
92000 1058.1443209363638
93000 1282.4203435060074
94000 3211.3856673591436
95000 3217.159159636668
96000 1147.607891841562
97000 2644.082559372734
98000 3237.5525705230743
99000 3256.5130725866534
100000 3197.5999026299805
101000 3233.9214606608944
102000 1301.7591932871742
103000 3238.039206130429
104000 3262.39951056622
105000 3225.0489519531834
106000 3277.3431057777407
107000 1050.9568680628374
108000 1426.6657889347725
109000 3206.615869590588
110000 3208.3562345430914
111000 3247.263306765685
112000 3215.034874610742
113000 3227.662317795116
114000 3227.2738191631447
115000 3271.0302799600727
116000 3221.0316696333985
117000 3213.247919830113
118000 3207.3709017746814
119000 3258.4835120040543
120000 3232.109206640934
121000 3176.483441644406
122000 1097.4394429815125
123000 1134.6621662529926
124000 1652.9987301395984
125000 3219.074715210253
126000 3263.967167012192
127000 3297.031091826039
128000 3292.6020279660197
129000 3267.276264455655
130000 1231.3035686227427
