5001 115.41641561371428
6000 211.8833782050254
7000 2113.978795914194
8000 279.83175757555637
9000 991.3134582327742
10000 56.49934769112912
11000 280.2567514474898
12000 481.2908668336182
13000 255.30657205380717
14000 534.4644079501845
15000 304.027717667574
16000 733.3424446067763
17000 335.83223599083544
18000 1043.41772715666
19000 1220.480616183359
20000 473.369865903926
21000 614.428437058292
22000 688.3373171156962
23000 836.1707224868514
24000 913.8172379502727
25000 922.361030563392
26000 2987.942439780889
27000 881.4234175301933
28000 2795.2352941573017
29000 3008.1944268980005
30000 3197.7309990470067
31000 2442.255779721844
32000 1699.7971454766036
33000 920.5775575104414
34000 936.8380883793658
35000 1143.4164410596186
36000 1567.9686285513994
37000 2674.3620584707587
38000 1273.8577166349605
39000 1033.8762442920238
40000 3106.2818387730113
41000 3087.822167174168
42000 3179.3267230485185
43000 3006.362472934753
44000 1117.9986440718117
45000 3200.930591698697
46000 3231.9697470730994
47000 1025.085896084893
48000 3151.3715356879698
49000 3223.470285897703
50000 3295.4344323220203
51000 3325.621529604717
52000 3263.512705499207
53000 3308.180772265276
54000 3137.869369578018
55000 3239.8160621886914
56000 1923.678832199607
57000 2505.8694221741202
58000 3281.623299581012
59000 3211.271450079549
60000 3273.870916331422
61000 1217.279665283098
62000 3172.7015727921057
63000 3256.4465272678126
64000 3260.9181154250796
65000 3256.054647688455
66000 1235.1102901549657
67000 953.0374612277903
68000 3247.0612969695344
69000 2486.944246060346
70000 3216.4949648026845
71000 3311.0131865167546
72000 3281.468114467785
73000 3304.4903812548555
74000 3299.8286287491283
75000 3302.418240777067
76000 3309.9588734136246
77000 3097.5911360739133
78000 3215.519730526518
79000 3266.3858519391106
80000 3315.7294892543277
81000 3301.902400104848
82000 3257.5024114290395
83000 3337.8013204803515
84000 3305.990164919366
85000 3339.0020720142047
86000 3298.7777385862055
87000 3324.9329320385245
88000 3267.006906036741
89000 3412.2948220568965
90000 3288.02491199763
91000 3353.8408638802575
92000 3329.985448172126
93000 3377.505264486094
94000 3248.6036744771613
95000 3079.0884869073952
96000 3315.7752682783016
97000 3336.388715129099
98000 3329.086737350803
99000 3341.716023354819
100000 3443.684149417118
101000 3397.0851059715105
102000 3324.8635092461286
103000 3434.6336937021633
104000 3368.840680967335
105000 3407.7882250833986
106000 3430.0497067146425
107000 3425.364450617702
108000 3414.129742055068
109000 3374.219887477536
110000 3318.382495801606
111000 3365.384732424797
112000 3388.350185200446
113000 3400.6518502260856
114000 3383.2737475397757
115000 3432.141893237819
116000 3412.1919186670593
117000 3519.292444501967
118000 3504.89775690737
119000 3411.3888996970622
120000 3454.2939582819963
121000 3510.553230485132
122000 3425.8006904757626
123000 3415.076096394223
124000 3494.9662245460495
125000 3464.708470351139
126000 3478.919607324389
127000 3447.2207660805752
128000 3530.173885632857
129000 3622.952220381164
130000 3539.478152131322
