2000 61.68058937349052
3000 267.6459545315841
4000 308.7007055573357
5000 101.55142066102323
6000 192.9466428741389
7000 52.35588865170471
8000 284.1705480649973
9000 273.3617355050757
10000 73.87884179711678
11000 204.73793780071495
12000 114.04399457108988
13000 170.98281251172864
14000 243.20889869041565
15000 294.34896094025834
16000 494.611567556869
17000 307.41312336821244
18000 376.87017461687924
19000 287.7399720954659
20000 356.590620178376
21000 292.5365339991243
22000 372.33711909733984
23000 239.5720661837733
24000 510.25610412636877
25000 412.04987225085415
26000 542.4645423380483
27000 590.6709983845329
28000 573.254686947879
29000 540.1614898205762
30000 397.6768291858085
31000 606.9752995809105
32000 543.468893539598
33000 443.8855553862219
34000 557.4598171250129
35000 579.467587631392
36000 450.79256852517744
37000 414.47317000090396
38000 358.1303881912188
39000 606.7499448120349
40000 574.8186275275655
41000 804.6939655048996
42000 355.29601956833267
43000 541.5044626045656
44000 443.7279234341827
45000 702.887490809324
46000 592.0003202355377
47000 721.3313500964334
48000 882.0474981093384
49000 543.5814504720231
50000 665.5358587101755
51000 602.2734313633887
52000 677.9131914986585
53000 557.475799181295
54000 602.0695056143503
55000 438.76956082820686
56000 284.66790501839364
57000 375.3512922650146
58000 546.672129981459
59000 569.1118694544499
60000 635.8880505369164
61000 460.3599954355128
62000 537.9627029881457
63000 336.30424223898456
64000 542.6904873967495
65000 432.10476676239597
66000 362.02343441083957
67000 387.5013898950626
68000 505.30040277515
69000 393.15993242456295
70000 316.80889939783634
71000 546.0630728954907
72000 502.67405115811636
73000 555.9129935694376
74000 428.11592928744324
75000 617.5494082895656
76000 538.2248830823563
77000 926.4515715069753
78000 870.9580137850999
79000 834.4699685222895
80000 539.3518505406928
81000 733.2147502978152
82000 602.0338212328559
83000 598.910064175677
84000 722.4959133744036
85000 636.8825058363535
86000 539.9943360298377
87000 742.2142404182725
88000 811.7648307003201
89000 467.2043314306528
90000 656.6781810881449
91000 497.54076440880215
92000 464.61725025533696
93000 541.5475660486575
94000 608.4236320047181
95000 493.719988639324
96000 478.92201033909305
97000 719.129196386795
98000 523.9294962605165
99000 455.7876330103396
100000 559.9377450852456
101000 427.3170979214948
102000 518.0229065205109
103000 548.6858585198079
104000 766.0640698383028
105000 564.2364091762488
106000 407.78282570815907
107000 560.5979964055057
108000 484.77594730390604
109000 597.568255362568
110000 576.8282814168447
111000 446.1539237960261
112000 581.7388057616649
113000 1006.4132754856779
114000 447.9318086985619
115000 469.45854017897574
116000 559.1592021019814
117000 548.4545103780018
118000 512.7476750630315
119000 427.65540767985465
120000 653.1779197056528
121000 762.7509925231315
122000 779.8103810665458
123000 798.5618520246895
124000 553.2398690991832
125000 851.9199659822073
126000 406.25950441876523
127000 459.51212716824
128000 553.5119334619205
129000 411.0995869499179
130000 627.5537290310056
131000 798.6458347253672
132000 898.4084423662396
133000 712.5117863859006
134000 776.940623676714
135000 619.1481495161454
136000 642.79733068284
137000 691.134090823344
138000 818.6677611655657
139000 953.2348958169794
140000 638.6689748196966
141000 573.4488200244439
142000 646.9556638396268
143000 1002.0855994949947
144000 494.0006330174471
145000 307.79236409615265
146000 347.78262594023755
147000 930.2594019945476
148000 773.9938079114382
149000 484.1083098044529
150000 335.1241961920031
151000 657.594938142274
152000 522.6206847616958
153000 869.5552130174854
154000 680.4384367222754
155000 699.5754985641374
156000 705.4923037851679
157000 173.8085769824333
158000 371.94180206219784
159000 786.406682413849
160000 792.4493409792037
161000 497.1264902048667
162000 657.9101669311715
163000 1190.6199918990842
164000 538.3390481494937
165000 545.7618558687018
166000 506.7665498206846
167000 540.7281195280993
168000 755.7399690173607
169000 801.0830123824302
170000 661.5548575026282
171000 700.1740563575219
172000 371.3826870084898
173000 206.2342739160593
174000 676.5223494484645
175000 713.5237449300713
176000 1177.104035474393
177000 920.0929959926314
178000 442.66573663784413
179000 927.7333217975496
180000 1114.5263109330876
181000 562.5427258229881
182000 733.0883660020442
183000 705.8429320205025
184000 469.31967731914466
185000 688.7249025870435
186000 988.3562305843425
187000 977.3557370036473
188000 938.4667904011887
189000 394.2615564676644
190000 608.1431225033965
191000 701.2850042860289
192000 809.3706227796355
193000 572.2150572720047
194000 594.2401578422293
195000 579.8016117090657
196000 268.4388903630235
197000 479.00485460238235
198000 310.0611620069466
199000 989.3503025695703
200000 250.69663151318576
201000 428.30292996472326
202000 648.9158388358935
203000 1164.8290684942092
204000 902.89895901756
205000 566.8971148391659
206000 448.7217212384401
207000 673.6830013502272
208000 621.7047718526155
209000 1133.5229135403338
210000 725.0270045474931
211000 723.8872747848229
212000 1071.906606220306
213000 1284.5643513478071
214000 583.3362197426738
215000 1011.3771919938412
216000 1095.2119829026428
217000 944.5886374475695
218000 820.5075883455893
219000 1008.2012317940432
220000 949.6102192247126
221000 765.9349045483369
222000 792.8274676303107
223000 1543.767710379507
224000 1645.3368156999163
225000 787.9723550719367
226000 1409.6534856358994
227000 1038.640209540196
228000 1779.1338683187969
229000 2700.083634787386
230000 2713.1559932331156
231000 2087.0525377578933
232000 1829.6682267028477
233000 1891.1653131965536
234000 1424.964853469873
235000 2256.6336300197945
236000 2062.0815654309504
237000 1645.4818510116158
238000 1115.9523289357132
239000 1629.8915269190181
240000 2551.6404882103216
241000 2184.797511191407
242000 1567.3094085067778
243000 1758.3234192825792
244000 1680.5098959900934
245000 1767.0568595444097
246000 1591.527354503818
247000 1750.3628946716083
248000 1959.6187425591645
249000 2460.787279389741
250000 1908.5896924131223
251000 2696.318023805639
252000 1336.8823661997753
253000 2284.040937577598
254000 2784.520559857891
255000 2678.761239196382
256000 1018.5203108940643
257000 2094.3117450963755
258000 2209.963217310854
259000 1249.342884626763
260000 2081.263456990254
261000 2431.5270880205358
262000 1778.0770385122064
263000 947.5179884088726
264000 2329.396869496378
265000 2627.4287513715885
266000 1339.4126881118164
267000 1229.646067915733
268000 757.8396842436147
269000 1689.6945414121117
270000 2724.5778464452824
271000 2483.175098883762
272000 1877.11093888364
273000 2937.826043590762
274000 1521.994752936768
275000 3099.9298638668733
276000 2252.166627873822
277000 3528.902528041165
278000 1734.1474466330478
279000 1932.235355923021
280000 1915.1670821411067
281000 2268.6868343895885
282000 953.5346429011048
283000 1247.780647555149
284000 2752.323064685031
285000 1097.7315119355007
286000 2749.5300565489683
287000 2571.7775842307046
288000 2452.6739025323277
289000 2623.478355735969
290000 2198.856684984301
291000 2153.8769996427995
292000 2105.6216510783015
293000 1573.5958326411392
294000 2148.507825952556
295000 2207.533379055604
296000 2770.622820433015
297000 2938.4916716859234
298000 1331.19554605723
299000 2481.975451141267
300000 2287.1015420578688
301000 3234.880571495995
302000 3426.1864656038006
303000 3140.927624340465
304000 1179.0357960504296
305000 3199.194420287088
306000 2385.453492902694
307000 3162.295246438695
308000 2455.8370932069865
309000 3312.151408281511
310000 2015.8451172777532
311000 3247.4377092681575
312000 2341.895025047928
313000 2979.148252748637
314000 2096.33127475859
315000 3325.0039603305972
316000 2256.318249035195
317000 3332.337789783212
318000 1663.6714448687994
319000 2315.4757726904872
320000 3411.3514309393277
321000 2543.575356767202
322000 2004.3122026145695
323000 2548.620387648226
324000 1368.8725628078332
325000 2966.7244202617167
326000 3035.822026632987
327000 2966.497223211763
328000 3037.7091202059883
329000 1509.2218190285937
330000 3239.3599031177678
331000 3080.5147805804413
332000 3299.820251105496
333000 1349.6421857237233
334000 1845.0864018335255
335000 3363.1914837059135
336000 2390.962240079649
337000 2772.8691733319597
338000 897.2209083327941
339000 1839.5535468132632
340000 2537.89057106332
341000 2445.285359832985
342000 2617.8394654686244
343000 611.7177236784478
344000 3476.993383415656
345000 2439.5114939750165
346000 2146.2923604401185
347000 2296.1223723111534
348000 2184.8706005654517
349000 3407.1198549676687
350000 2470.9997787278053
351000 2705.748414583056
352000 3381.5138250501304
353000 2948.2051815509176
354000 3125.076128356778
355000 2105.3327250464235
356000 2938.1520518243915
357000 3425.6312527559335
358000 2658.0516499739906
359000 959.114187868579
360000 622.5584266935045
361000 1008.9834233793536
362000 2868.928321007853
363000 2535.606300872843
364000 2720.1395532944484
365000 2431.360787454473
366000 3242.4160739322347
367000 2318.543871034083
368000 2988.307343427373
369000 3530.7836097169975
370000 2717.9821759782867
371000 3187.159013361449
372000 1982.7361345548932
373000 3247.007811609515
374000 3481.0594045957287
375000 3338.086230007061
376000 3382.2960336361566
377000 3017.4883171799006
378000 3182.0712519725334
379000 3394.8200725401134
380000 2532.980358131545
381000 2899.641093640732
382000 3487.242835662559
383000 3497.838393577936
384000 3038.6498075799027
385000 3268.0631969023543
386000 3513.652426510983
387000 3521.46554108728
388000 3362.0265509040264
389000 3535.2610216648836
390000 2914.1665771503576
391000 1654.1004085401096
392000 3238.1403004127105
393000 1402.0546310023026
394000 3082.113324325466
395000 3317.0462226388204
396000 3017.7459200090398
397000 3496.8699730723006
398000 3081.0935645220643
399000 3091.096462005691
400000 3380.124942999342
