2000 9.237508042779462
3000 311.77422521567263
4000 326.88656561381134
5000 225.5179255911607
6000 342.3386563348432
7000 71.87027761409337
8000 353.84591766896835
9000 373.6128712807416
10000 334.7784684819746
11000 266.85184121003897
12000 265.7084298414676
13000 288.2756000364989
14000 203.829531680904
15000 365.59094878622983
16000 414.9580051777866
17000 367.53081831815246
18000 283.60787457375693
19000 235.76912411220619
20000 57.38093269025048
21000 205.36335252794373
22000 149.81507607750842
23000 415.2349813172279
24000 445.67597956359634
25000 392.18793409886774
26000 239.1803263791487
27000 142.823532775533
28000 234.05517592441464
29000 239.81939725675824
30000 263.0102102326121
31000 273.387221045831
32000 216.8002679153808
33000 335.5427942473463
34000 225.34624149734287
35000 232.17071070040524
36000 240.8943243824363
37000 255.97451962974142
38000 292.98212830580695
39000 309.83555897684744
40000 475.158304707521
41000 433.55346753366246
42000 348.9173572289872
43000 297.1305309638403
44000 389.8124970330904
45000 377.24706928352214
46000 413.16382147462235
47000 488.7803823969457
48000 429.4100976767442
49000 627.5075172366153
50000 536.8558920339234
51000 479.27197631523484
52000 563.7239705344211
53000 858.5825532927344
54000 587.2273620179795
55000 644.755149548236
56000 662.5915833988947
57000 565.8396703963242
58000 490.5460435117228
59000 457.2230903658059
60000 456.04485168509075
61000 493.06061131077956
62000 533.3201460519886
63000 508.84523073379626
64000 633.8065473304828
65000 632.316060091958
66000 714.4975647501313
67000 550.578613240416
68000 485.66608564536216
69000 516.5513583238907
70000 501.7269093343681
71000 540.0382855534024
72000 534.1956239088071
73000 452.16425199765354
74000 663.5103348514798
75000 460.01615410048134
76000 504.88133462550275
77000 449.23877708433577
78000 691.1786287049129
79000 398.06922849193467
80000 604.3682528556928
81000 439.09807201834883
82000 427.8390629174328
83000 542.5567586555868
84000 268.2078192008606
85000 404.41974383347076
86000 464.74700833491295
87000 517.637825947199
88000 511.2236409769548
89000 538.6596642798371
90000 610.4995154273854
91000 539.8447219550895
92000 521.0378585903834
93000 900.9206561544372
94000 599.539250949691
95000 900.0574440120326
96000 626.7145947684119
97000 577.6557460486056
98000 428.7589928633426
99000 595.5970549935928
100000 633.9816813591688
101000 582.6231584446871
102000 570.107266657891
103000 713.4089547314709
104000 659.1327913004936
105000 405.3737610596457
106000 718.7894301080886
107000 1062.2315571007716
108000 1071.0089218988928
109000 1014.6873460873624
110000 772.6857093077098
111000 987.8484856081992
112000 1068.5989337218737
113000 1005.05556162748
114000 487.5134923825616
115000 658.2418738360423
116000 552.2353392394043
117000 269.9063335379846
118000 359.3163072323727
119000 462.49340943386807
120000 397.9958476488528
121000 689.9944685816532
122000 739.207031104141
123000 754.9176512640736
124000 341.56720548173274
125000 985.6766742620737
126000 875.048510454106
127000 597.1921339909302
128000 843.157578525088
129000 676.2050886630022
130000 890.7335554091021
131000 530.3074409323999
132000 525.6707810545289
133000 755.530602738422
134000 551.8942887272258
135000 553.2495384952249
136000 299.53749356062997
137000 690.3950171138885
138000 589.0020684569245
139000 824.4166244404223
140000 643.6456184291598
141000 622.5396232379384
142000 626.452720686468
143000 543.1859234290681
144000 494.22843904599665
145000 503.0041798452247
146000 534.1254028952566
147000 564.008687106415
148000 541.9062628527068
149000 441.7189810874077
150000 615.398114402588
151000 567.8086533106405
152000 522.6894859345437
153000 658.4691526430161
154000 539.9609188287122
155000 578.587077716775
156000 597.6281192867509
157000 603.888324899002
158000 797.700472083812
159000 888.078866064063
160000 1078.5815280890934
161000 888.3509319832249
162000 1198.4112646256403
163000 541.0392325199016
164000 1279.3395217154075
165000 1877.1864701134386
166000 1046.6908201789447
167000 696.7279452885556
168000 655.2067802551131
169000 796.7999845681561
170000 860.7285789891936
171000 2444.0531996062346
172000 2233.655676459396
173000 722.8348871813032
174000 845.6972282893894
175000 650.1043037280285
176000 907.8186006049627
177000 865.8278401769279
178000 1386.006830048724
179000 707.3597674346
180000 1447.0465806088544
181000 1619.334807262994
182000 1499.4017519593085
183000 1718.1177387430112
184000 1345.0613018866484
185000 1652.0459122056432
186000 1404.2193627618449
187000 2019.4308600906757
188000 1481.772006725589
189000 2044.716977479941
190000 1488.7671213978954
191000 1217.0455676767917
192000 2475.339135251029
193000 1388.483339766521
194000 1565.4771646108718
195000 1451.7340596818785
196000 930.9300611905122
197000 1869.346631046557
198000 730.9014523083257
199000 947.260185309217
200000 1846.9449152601214
201000 1932.00118053498
202000 1012.9702546369666
203000 1689.2031257563096
204000 1656.765484797307
205000 1782.0775938261424
206000 2018.9902724021963
207000 1785.651662112124
208000 1110.243075015659
209000 1270.2348944918306
210000 709.4090852686819
211000 2101.806726340549
212000 2553.436914308849
213000 712.7603030055823
214000 1880.780541425353
215000 2093.242822435395
216000 2510.105487113581
217000 2765.3936782667433
218000 2060.826823865727
219000 1431.3928276152683
220000 2389.9455296033534
221000 2157.9331510725033
222000 2638.150222817248
223000 2520.5550840509245
224000 3171.445792539475
225000 2935.61344384502
226000 2080.0796489271106
227000 1245.85597681946
228000 1946.1053731108786
229000 1918.4599209647772
230000 1586.3992406716322
231000 2334.3364527234735
232000 2006.0793495920054
233000 1614.2739919510573
234000 2339.675633366951
235000 2473.339394851327
236000 1632.057215087738
237000 2146.813582554332
238000 2727.1742033447053
239000 2321.256999021727
240000 2226.7512889676973
241000 1885.1722816025983
242000 2296.6241737970063
243000 2217.6114072273676
244000 1429.3672687919352
245000 2565.5725266995605
246000 2685.312948957034
247000 1565.5746840250463
248000 2530.3066921492914
249000 1665.9325926067054
250000 1755.6620741639301
251000 2406.336408717635
252000 1838.3817009874456
253000 2115.3383845523954
254000 2098.3028760540033
255000 1637.453503777251
256000 1378.981817633455
257000 2182.689719918496
258000 2689.620078798402
259000 2151.7633828404273
260000 1913.3926727665098
261000 1946.3946486602151
262000 2655.781127931838
263000 3237.215215753023
264000 2531.219252123209
265000 2533.6880758936572
266000 3640.940757340993
267000 2936.969295610028
268000 2323.118835717446
269000 3638.482718316239
270000 3340.2188413866706
271000 2910.4907600772494
272000 2606.2981273006453
273000 3622.8341966692183
274000 2163.7197739600574
275000 3533.9081892109084
276000 2559.4969254498947
277000 3368.807810217762
278000 3186.5108798611386
279000 3558.7379991274743
280000 3418.2148954365575
281000 2883.032261575364
282000 2830.318585967382
283000 3018.081659911396
284000 3032.5101713630143
285000 2534.9453045924643
286000 3335.4958314406567
287000 1873.041208601907
288000 2910.126178087637
289000 3008.3062668194425
290000 2965.3566351641193
291000 2559.178850457683
292000 2702.2376239974724
293000 2593.7759550684495
294000 2579.375471730503
295000 1036.1100820177564
296000 2618.4681737560823
297000 1992.3322119297222
298000 1089.619861599815
299000 767.701248190022
300000 1320.246060927376
301000 1933.2195288589191
302000 3379.050385182801
303000 2503.8902876362145
304000 3625.844710901857
305000 3720.29646133961
306000 3707.1480319180264
307000 3492.280229996645
308000 3328.1811452979177
309000 2932.6152944947453
310000 2480.71439206262
311000 3034.359552650719
312000 2905.5351122218335
313000 2968.6328495050534
314000 1610.917244641793
315000 3672.628143280524
316000 3343.3372964623936
317000 3731.438629136991
318000 3523.8278444835078
319000 3252.98191795805
320000 3665.983581560419
321000 3386.634416318249
322000 3807.9570387553626
323000 3813.7965881086407
324000 2667.155981963334
325000 3816.601668153774
326000 3758.417039920763
327000 3829.6541602446327
328000 3382.921608258514
329000 2351.1721194355287
330000 3781.926822545584
331000 3027.1461311655426
332000 3193.280235119453
333000 3810.484994937662
334000 3757.6055136143013
335000 2962.705568828702
336000 3820.9073593558605
337000 3907.48482243598
338000 3175.101372209388
339000 3034.406370935455
340000 3143.7161710451924
341000 3811.8967329326506
342000 3775.8669452831573
343000 3046.831621404625
344000 3892.734955426347
345000 2915.496439230207
346000 4038.8441863803773
347000 3608.7050910289663
348000 827.7032953806723
349000 3528.216932996522
350000 3547.130396845076
351000 3903.348621170941
352000 1752.8555069406243
353000 3243.6883002540008
354000 2841.132776152215
355000 2090.943051378523
356000 3426.675349814503
357000 3578.9607992330248
358000 3184.246273336991
359000 2563.825258887334
360000 3205.9948913294675
361000 3179.0594658958485
362000 3974.7794619738875
363000 3123.456880314789
364000 3893.6512320376596
365000 3789.4877985394
366000 3541.108239045265
367000 3105.218738546171
368000 3732.0912557239035
369000 3695.0834355237043
370000 2984.1452348659354
371000 3857.0153213027456
372000 3791.836327328621
373000 3542.425564060925
374000 3504.5928178324402
375000 3078.9126177810513
376000 3063.8712838430174
377000 3959.0053811785183
378000 2807.0468339640197
379000 3788.0791912376103
380000 3899.3601132149333
381000 3649.5902131615394
382000 2778.355292827634
383000 3303.6806031546753
384000 3588.533656399268
385000 3966.611150062969
386000 3491.078760421647
387000 3836.364193554937
388000 3920.3651501093345
389000 2341.4993352326114
390000 2265.8524490979867
391000 4057.3111928629887
392000 3178.323922988856
393000 2602.388921434554
394000 3407.3284363348657
395000 1585.045246946673
396000 3176.391383668014
397000 3431.6240344561847
398000 1861.0616583124076
399000 2753.197420679292
400000 1980.29524221705
