2000 4.661237668636583
3000 321.4969515044135
4000 317.9633216715616
5000 322.5366585998837
6000 269.3016556934313
7000 374.2844843374033
8000 296.89674805396737
9000 47.273488512225
10000 49.74116960507897
11000 -6.772616395027029
12000 330.5889871769897
13000 258.5759123411302
14000 397.32773610009957
15000 408.08919726719427
16000 359.3135689840275
17000 323.56602632603233
18000 270.90047926789373
19000 341.34493565224574
20000 280.8421564436614
21000 266.9936902967999
22000 345.8428381796353
23000 232.25351193837136
24000 263.4041533309367
25000 143.4218244035881
26000 282.1613478578037
27000 304.497446435304
28000 171.55020266490686
29000 306.1706039637135
30000 330.59328876447915
31000 313.37099969732424
32000 400.4539412204978
33000 535.5164032693444
34000 469.14274155013857
35000 465.79708816164737
36000 449.2510964171106
37000 322.5477327682323
38000 382.10277975843894
39000 520.8179962255301
40000 509.32684936636997
41000 648.4087427448909
42000 513.9705414361489
43000 388.98122306373006
44000 535.4075684947459
45000 565.0504445942795
46000 584.0299591602643
47000 397.4403186111011
48000 560.12737022264
49000 507.03432489125396
50000 386.864560792353
51000 487.0068818522333
52000 364.8164191214335
53000 269.6995303741158
54000 540.591672726345
55000 408.216166323592
56000 462.03891643923527
57000 651.983320066696
58000 423.5894559744171
59000 342.2011620593079
60000 384.02623286337143
61000 398.7633508654133
62000 420.27292745611055
63000 380.49298736105845
64000 352.15760259297303
65000 387.35708345887394
66000 379.58498510439404
67000 432.25715469174736
68000 477.84058454909837
69000 459.3246042999309
70000 482.9715795191124
71000 497.1220661272645
72000 476.7098029827559
73000 445.0310543164645
74000 365.4724213104024
75000 389.59158053975426
76000 396.17303154935405
77000 442.7664384770516
78000 484.7612638148333
79000 404.1700704043058
80000 482.7349058614179
81000 466.29080141328905
82000 498.5737620361695
83000 684.5951838067223
84000 544.5937044076903
85000 565.855183192761
86000 438.2714146277848
87000 442.8407088268311
88000 408.8289964069267
89000 472.4339469606986
90000 524.8082692496075
91000 475.68372776490213
92000 399.73192569173034
93000 512.9520886229891
94000 509.504169984481
95000 508.2125443368271
96000 483.95094651142256
97000 456.0444455796398
98000 502.54600537221194
99000 642.6437496270366
100000 464.608423973134
101000 520.9410374678355
102000 531.3919923195094
103000 713.6796949139672
104000 736.7661951191824
105000 676.6553020934202
106000 745.1548853793972
107000 583.8109577977708
108000 743.6543918846556
109000 735.6846179865237
110000 571.489355622583
111000 710.5575733003078
112000 749.4137152177298
113000 656.1535742801873
114000 746.5757523380169
115000 479.93336219957627
116000 622.5180700891832
117000 739.7157842245108
118000 1060.3305904530691
119000 826.5119303376636
120000 1325.6204349694447
121000 680.0810153908716
122000 1400.235069134726
123000 1278.5105374037892
124000 611.6981417960782
125000 1391.24480576491
126000 663.2153781485848
127000 1620.7721854867352
128000 1345.6327136219131
129000 1896.7527744620536
130000 1384.058822546736
131000 1857.5760799901848
132000 1049.4933813986595
133000 579.0288921675557
134000 1431.713143161123
135000 1990.0316283675954
136000 448.0033963822378
137000 1738.9146417007105
138000 1488.2147535313193
139000 1966.803824308321
140000 1969.5983620467755
141000 1108.0252130228316
142000 2257.125152691983
143000 1029.058963569129
144000 1606.8833052687035
145000 1666.1774653795208
146000 1329.257856217284
147000 1421.5108166664945
148000 1677.81580637248
149000 1399.3669245611777
150000 1098.2314300734981
151000 998.9140046425437
152000 1400.6979790459573
153000 778.3619371766194
154000 912.2400700778926
155000 1028.988323455153
156000 1879.770665251687
157000 1771.501789778026
158000 1626.9028096144696
159000 1723.255995651236
160000 1489.2475708718448
161000 924.6532052499864
162000 1713.1615802705523
163000 1106.0671250300047
164000 1125.2522549474231
165000 1219.097060107405
166000 1902.6692561051
167000 2154.129487598308
168000 2118.471488299285
169000 1187.9071670271167
170000 1406.1387467067066
171000 1874.8069588178096
172000 1591.1337839045896
173000 1583.885409029107
174000 1887.3630362438757
175000 2111.3706936318436
176000 1525.3302840684585
177000 1981.3369067773995
178000 2193.726565337427
179000 2623.4874610600505
180000 2109.8125374036813
181000 1534.487390066864
182000 1837.5646856861877
183000 1531.3067806841743
184000 1713.67239298295
185000 1775.4844485537146
186000 1539.049051057014
187000 2238.8393877947437
188000 2243.346432010272
189000 1873.240639349267
190000 1327.0345674112084
191000 2087.1805664911276
192000 1761.518914326073
193000 2301.2527068826053
194000 2411.0391896757037
195000 1959.0893873865273
196000 877.5659864733761
197000 1617.589163349887
198000 1072.365238479675
199000 1763.4357183058721
200000 1820.001724662416
201000 1621.714909365812
202000 2500.3355527715376
203000 2494.7328326237534
204000 2093.6874348084802
205000 1602.699521290441
206000 811.5039103331912
207000 1609.2443328606673
208000 2469.1299103460087
209000 2541.7312483480805
210000 2553.2207967469603
211000 1371.5308513465945
212000 1866.655490286645
213000 888.003862152317
214000 1096.1359235316622
215000 1577.5432442582498
216000 2271.125790471513
217000 2229.585849185196
218000 1533.5015127706436
219000 2475.276610446279
220000 2280.306733092393
221000 2515.4494048695356
222000 2466.2938540927653
223000 2084.558869474614
224000 2076.1995960203203
225000 2399.4802474449143
226000 2088.522287314193
227000 1181.875177793753
228000 2550.8478303213183
229000 2086.5815892757223
230000 1281.155941697601
231000 2524.499867987234
232000 2515.0579144446338
233000 2155.8511911790074
234000 1202.5342935275773
235000 2074.0737849287884
236000 1047.7924464513537
237000 2296.968367535773
238000 763.6873133881735
239000 1116.8227911107797
240000 1917.1487863598118
241000 2400.2201335247646
242000 2288.1904876394215
243000 2832.1570597377513
244000 2568.2066731689074
245000 2213.2322593226954
246000 2641.0722020651556
247000 1050.92975375719
248000 2845.578090943339
249000 3091.653666259348
250000 2471.7994876400417
251000 2625.735756422703
252000 2915.6800147312524
253000 2910.7382960619807
254000 3071.927650852937
255000 2516.1828008141306
256000 2601.2320484585975
257000 2956.9756990576243
258000 2304.69584306691
259000 2143.3282379509305
260000 2523.562625978232
261000 2395.0224952792832
262000 1505.5319145583776
263000 2698.712578390225
264000 2285.3643578880956
265000 2609.344612500062
266000 2695.5705004210363
267000 2218.8399328191763
268000 2304.0945051682256
269000 2483.778084336299
270000 2628.075666671598
271000 2229.0779861320125
272000 2327.7876532993623
273000 1359.8461387152533
274000 1875.1413718591543
275000 2286.4290965278706
276000 1656.408878702306
277000 2640.5131102446076
278000 2489.1450820233727
279000 1549.968041897083
280000 1262.029550807633
281000 3216.97234176354
282000 2056.9587417272996
283000 1413.2216708033634
284000 1821.0455361308002
285000 2212.6253654391357
286000 2279.604859795961
287000 1950.2776396222107
288000 2618.443530594097
289000 1909.4032046514944
290000 3116.7867254685116
291000 2875.8962155359054
292000 3099.668412948123
293000 2229.033236898914
294000 2904.828196770576
295000 2340.033788902223
296000 2447.331959889517
297000 2975.7105448375632
298000 1486.96412046679
299000 3035.6278931130396
300000 2316.435562974114
301000 3129.4518896109525
302000 3256.059834505224
303000 3012.0884391821037
304000 2435.487016310339
305000 2823.4437195369765
306000 2960.6868617504265
307000 2186.310582661848
308000 2778.6878095780316
309000 2078.1699970467585
310000 2738.065784742198
311000 2900.3145248919927
312000 2981.2121270751286
313000 2691.661163773462
314000 2696.8367399398344
315000 2853.4125961012805
316000 2418.2169752979416
317000 2537.735479580502
318000 2673.449987747811
319000 3013.7895762252033
320000 3117.0280260107247
321000 2796.8464152887655
322000 3232.8259223280907
323000 2875.66033513817
324000 3108.071961482011
325000 2803.2816314201573
326000 3087.1014281029406
327000 3084.3254263408057
328000 2794.082854824246
329000 1465.0163346849974
330000 2758.664668348488
331000 3183.1690537282147
332000 2736.611325562691
333000 3049.838925724352
334000 2583.8480501984995
335000 2877.9725769276865
336000 2640.5559567793816
337000 2749.864386540591
338000 2688.409107596461
339000 2894.940241670893
340000 2682.329301868305
341000 3206.1936832604797
342000 2417.401990866548
343000 2472.163107713414
344000 2893.5699026713864
345000 2046.3910971478083
346000 2962.456226444486
347000 1758.1113684215786
348000 3301.1016751231823
349000 1852.8719032558467
350000 3202.965752151993
351000 2416.493566011698
352000 3170.6946427175376
353000 2528.9689937085996
354000 1569.3434087458556
355000 1238.2201543521962
356000 2661.6522579261728
357000 2638.186761828306
358000 3285.313319572039
359000 1624.2633864445534
360000 2502.652715841798
361000 1796.910583669202
362000 1728.8130664228488
363000 2839.067721568049
364000 286.56594328540297
365000 152.145475796291
366000 3.031276038764897
367000 505.3145109383503
368000 2402.040434691911
369000 2279.8945585627744
370000 1083.8332759886569
371000 2403.0456599103914
372000 393.1161343453527
373000 2143.4605680099153
374000 2827.020362720261
375000 3013.97517159832
376000 3040.3220645170795
377000 3073.2185212399954
378000 2185.1110006791455
379000 2881.1661999404946
380000 2273.0396157136374
381000 2862.3363967138102
382000 3233.6405936537353
383000 2321.649344259577
384000 3060.1704878806536
385000 2960.585676684029
386000 1646.1245983993965
387000 3095.4144392926537
388000 2370.3231071255404
389000 2331.709486479559
390000 3340.8379139072795
391000 3282.648662698626
392000 3152.934981774485
393000 3020.784053949882
394000 1697.7917372952077
395000 3314.460575471379
396000 2907.434454867781
397000 1936.8335009663901
398000 757.7856259686329
399000 3042.597876503788
400000 2873.469915857271
