5001 21.167597047000008
6000 31.89633702295787
7000 300.26991823463163
8000 265.64811241768336
9000 291.52405905190136
10000 283.7270731633107
11000 261.22911083922213
12000 243.08685412911046
13000 294.2733352286001
14000 350.1991197643949
15000 278.32991226026223
16000 277.3304897835943
17000 209.13029125381905
18000 301.2857455028841
19000 278.4952699658918
20000 237.80581865415428
21000 251.60550333809744
22000 280.93386219608175
23000 326.91840844810554
24000 281.5391311295051
25000 398.88919447579093
26000 518.1707340801593
27000 566.6549912217176
28000 565.2713431283389
29000 646.5673171512005
30000 625.8499102711312
31000 578.201761347405
32000 448.4407632893857
33000 568.7682015800326
34000 565.0729582100541
35000 625.3722403176075
36000 610.3348882878594
37000 882.8334041861428
38000 541.93364839756
39000 573.3619124415029
40000 1584.6833806200514
41000 550.3389155758194
42000 721.5864462809226
43000 673.9835094099698
44000 569.0016237641466
45000 556.3143365556004
46000 483.7344179435346
47000 470.35055018656794
48000 857.9501543522683
49000 698.0286286396242
50000 2824.265062624315
51000 492.94147585602195
52000 518.2634366265697
53000 503.5089384552214
54000 743.4970414613839
55000 521.1071888920285
56000 539.2204705140423
57000 618.0418314751732
58000 776.6157169013354
59000 2053.5164876133667
60000 2339.881926962117
61000 793.9651941450416
62000 771.7330890599126
63000 796.1426452082763
64000 3320.8330458451464
65000 803.5463022739674
66000 613.66576246312
67000 2855.1396443019976
68000 911.673118621478
69000 838.6785988063557
70000 2575.0869788340547
71000 2231.6914650090675
72000 1051.392351658967
73000 1091.3256180225246
74000 2702.295703629111
75000 1860.9924460358059
76000 2969.0930793973043
77000 1119.275685157074
78000 997.0664991094978
79000 1545.3528672150205
80000 2739.1035532981477
81000 2531.4884773974127
82000 2642.295890198306
83000 1443.1342832329692
84000 3279.214821542505
85000 1782.6123960289297
86000 2112.1638971042194
87000 696.7014853493249
88000 1065.9771876611817
89000 2809.8517417431576
90000 2754.86426456495
91000 3376.1371609968432
92000 754.5935288680978
93000 546.5378453605921
94000 737.974668902994
95000 1964.7960145162058
96000 3262.8226093894923
97000 774.9328908693147
98000 1101.495787613008
99000 2372.2845436223765
100000 3797.0269256848746
101000 3349.685145996306
102000 3750.306045129698
103000 1126.4063985082757
104000 3414.510449808623
105000 1531.8892262047964
106000 1405.5174449936176
107000 731.294911826136
108000 960.7601020234006
109000 -14.485050321817345
110000 1711.6869265862383
111000 1345.7572579236673
112000 845.8639858095379
113000 595.2451438318863
114000 3306.71626084628
115000 1321.3726473912902
116000 1228.6197052779517
117000 3767.682595344042
118000 1063.0572081757352
119000 1798.6938980549457
120000 1909.0859217933073
121000 2216.7683249399734
122000 3372.5252302477033
123000 2308.3104448279564
124000 401.153085460502
125000 2641.787821687133
126000 3358.7225304315775
127000 1736.2023751167503
128000 1266.7883552985384
129000 1790.9249513774444
130000 788.5001654254198
131000 2091.675954417752
132000 2306.693104241164
133000 2339.5892943472045
134000 2493.9222708269417
135000 2937.3107312960838
136000 3217.045432616274
137000 3267.4090066221816
138000 3784.3912124991207
139000 774.5192387310583
140000 3673.8432934391253
141000 3423.8479679409998
142000 3365.9987478590037
143000 1976.3432841187118
144000 3287.3042428543595
145000 3176.8451455604236
146000 2806.04014344202
147000 2410.5548175793724
148000 2853.2956767907117
149000 3209.4493725593475
150000 2939.0227790561134
151000 3242.012656495809
152000 3538.988626526596
153000 4193.834599360047
154000 3844.074702302233
155000 3795.6493934502096
156000 3393.1599795816314
157000 2509.0711095138167
158000 3806.984471489958
159000 3550.1778001361613
160000 3802.075445195141
161000 3688.9408150678114
162000 3597.152248820172
163000 3908.2747955814875
164000 2706.2355424443504
165000 1780.133563577485
166000 2143.054036944224
167000 3082.9716655367915
168000 3859.4846801369845
169000 2315.2026243082896
170000 781.2089399783474
171000 3835.858973435191
172000 3651.8274627859514
173000 3622.817039298344
174000 3896.8326619364866
175000 3833.3042644199318
176000 3830.1764359905587
177000 2892.0064828278455
178000 3723.821058402743
179000 3136.728108402352
180000 3505.0104313049255
181000 4070.2408899082448
182000 3794.427433415426
183000 -38.13477319395152
184000 3451.755805798476
185000 3865.436365338023
186000 3875.5712353574613
187000 2945.524737956804
188000 620.5933605942603
189000 3882.3595962031286
190000 3725.6923778424302
191000 3787.700363547793
192000 3836.325413206373
193000 3934.024446229864
194000 3117.9448136051087
195000 3885.1214937564314
196000 3432.055703733616
197000 695.8879166557047
198000 935.6619621217853
199000 1211.260859899732
200000 3930.758811180234
201000 820.2883544513227
202000 2565.3480762313625
203000 657.846237498504
204000 2168.4615157920266
205000 3845.329776635374
206000 3857.1008302155324
207000 2191.1362822560163
208000 3861.1394367832736
209000 3960.372300793687
210000 1852.1048645529706
211000 3740.6046044600494
212000 3336.4092857268492
213000 1992.3585668754295
214000 3919.6867501660736
215000 796.3299182522691
216000 2026.3622197800487
217000 2315.7127429600764
218000 3904.118759173622
219000 682.3157036974528
220000 3846.58451243336
221000 799.2747984421578
222000 3879.1805576237166
223000 3142.7514654018046
224000 3503.9114934316503
225000 814.9503463330697
226000 835.1229409573856
227000 3678.528290362397
228000 3905.9029219001723
229000 3659.774049610457
230000 767.3499085157539
231000 3890.788115490703
232000 2030.4327410764495
233000 2429.1868043982654
234000 3848.754470894733
235000 3799.862884635853
236000 1239.172453894274
237000 3808.7219315791895
238000 741.4847515697109
239000 1495.932404949622
240000 3816.9595474669686
241000 3888.8260153814626
242000 3769.660228520348
243000 3780.3876571136075
244000 3830.084329989181
245000 3930.080811279776
246000 3947.553624491343
247000 3867.448673820397
248000 3838.39226198652
249000 3835.00729574257
250000 3791.8009197264932
251000 3777.58893443634
252000 3870.1578472832307
253000 3835.8329268512985
254000 3695.6450343225274
255000 3812.6798897524436
256000 3774.042843333915
257000 3841.2663825791474
258000 3875.2656614007706
259000 3866.4595828023753
260000 3811.648482805006
261000 3789.8533282386124
262000 3904.8692874983544
263000 3907.2603565886907
264000 3862.9008567943697
265000 3891.0185043508186
266000 3817.829623516262
267000 3793.794807721041
268000 824.3660751067991
269000 883.3221442627486
270000 3821.740495203236
271000 2338.197582176798
272000 3764.4759601207006
273000 3848.0495251653397
274000 3858.069655282053
275000 3777.9085104215083
276000 1052.2922869943543
277000 3876.9940610737017
278000 3827.0545748384166
279000 3807.5833269135474
280000 3786.5366938644706
281000 3842.634720460018
282000 3786.2839689432817
283000 3854.662861953105
284000 2046.4642118534834
285000 762.550618057934
286000 761.6936101794389
287000 3707.2723304362817
288000 3889.9272362436045
289000 3903.804780620931
290000 3927.618278006761
291000 2014.2443829288181
292000 3818.5367724259363
293000 3793.5383674615186
294000 1450.6606952893865
295000 3884.3567143626087
296000 3856.6331949767614
297000 755.5109999363896
298000 -4.992871309314111
299000 3872.918062259179
300000 2785.139768956321
301000 729.6398316966554
302000 3706.685934495106
303000 3552.390428501647
304000 3722.835338112028
305000 3701.4975583694695
