5001 10.167912714518566
5001 10.167912714518566
6000 69.29597896982463
7000 254.3710176889514
8000 232.99653287762777
9000 257.2356269112725
10000 256.42014716787423
11000 71.08564347494504
12000 125.5032375567688
13000 323.6725376358153
14000 208.73340573612444
15000 232.5504348680578
16000 256.8284260548802
17000 289.5966318599595
18000 249.994283994053
19000 180.89812317199784
20000 329.772204667131
21000 263.3847472454543
22000 247.58621552467577
23000 456.14686302677217
24000 442.42093187914816
25000 326.3657118388319
26000 329.77261987631107
27000 295.12406278069636
28000 428.83412675156535
29000 550.215262706281
30000 401.24793818006566
31000 457.0363109746668
32000 581.2865333501452
33000 436.4188519509721
34000 497.22861224870303
35000 603.7633445306462
36000 502.6147257973025
37000 396.9310443054111
38000 555.0893029672217
39000 316.19012178226825
40000 343.41451163362063
41000 500.165509500246
42000 406.28820230949424
43000 422.92357378103134
44000 382.7192571114674
45000 611.1425935675951
46000 619.9235504069983
47000 416.4231540487078
48000 495.00391995939725
49000 438.60285784480567
50000 555.7555070267632
51000 613.0614326325315
52000 775.8139775296711
53000 655.4940980436069
54000 490.23941347967946
55000 665.8195256001957
56000 783.3021135687858
57000 756.5333322801058
58000 749.7080480636521
59000 771.564859192822
60000 743.122491812979
61000 759.6505303560759
62000 756.4593292970267
63000 769.5391503169856
64000 733.3800011232859
65000 725.9883819907774
66000 712.4070969681894
67000 663.2306415531209
68000 717.286569137759
69000 757.4799525762859
70000 772.364608029006
71000 673.0423050632504
72000 1121.2998686764436
73000 733.0246738235089
74000 773.6819645443744
75000 801.1836446315399
76000 468.1079101688171
77000 789.4083259853668
78000 785.0355916126696
79000 761.1451962465212
80000 709.9335581531828
81000 958.9491522076287
82000 849.0310753950092
83000 980.603736387386
84000 889.018923791026
85000 836.4029714352988
86000 801.2803414797905
87000 747.3756820761234
88000 807.9363917348086
89000 832.2984139349239
90000 860.7444230908684
91000 823.6864032653542
92000 779.6336174769488
93000 780.82860468496
94000 742.6185901355608
95000 861.087591021111
96000 818.4121097363628
97000 818.886951755958
98000 771.2868353218829
99000 927.9164609974283
100000 893.2185088065568
101000 775.5329350024382
102000 1104.1543854722884
103000 773.698361533022
104000 913.2185940869365
105000 862.7649263955309
106000 800.5334877930933
107000 601.6021755523293
108000 851.5980139167983
109000 899.9331424985818
110000 800.701626915205
111000 848.2466658702521
112000 855.7890035666136
113000 782.8802950683755
114000 751.6872682376512
115000 944.9545390708945
116000 910.606199045022
117000 863.2764212436687
118000 866.3878389542748
119000 857.1714975410711
120000 875.5708692595415
121000 899.9598565572103
122000 853.8437419097745
123000 859.031477191476
124000 1082.7697504991652
125000 933.4528060511739
126000 786.8091264227529
127000 740.7571169867434
128000 771.3264458870013
129000 787.5064228908489
130000 1074.3099757687646
131000 1017.8119683343317
132000 781.0782508625487
133000 646.1696368087327
134000 693.7560744369413
135000 754.4221061615426
136000 616.487669872006
137000 657.7470684053212
138000 738.4071150982618
139000 962.4897548904213
140000 618.9932956129004
141000 967.6615142849294
142000 967.0146603916903
143000 910.9058525463233
144000 1113.5396409228154
145000 992.9337121758666
146000 532.4533672955222
147000 795.7094359326978
148000 926.8680454979915
149000 545.7058756864301
150000 826.5753793808905
151000 1795.2812123235192
152000 1407.8493342093566
153000 813.5605668189739
154000 738.993067540726
155000 816.4373402085
156000 725.2018164639062
157000 876.3061104748913
158000 1374.0682780825487
159000 1066.6341835111837
160000 1623.9021184076544
161000 1041.4488715441237
162000 514.1174885862132
163000 1212.1958743891507
164000 1015.5483990852081
165000 1592.6009199352652
166000 895.035818333213
167000 1539.9841067935063
168000 1650.7588784985742
169000 1063.9815432110813
170000 804.1865502294565
171000 1596.925417118005
172000 1311.7988012733754
173000 806.7976994396458
174000 2235.3631292939467
175000 1302.6621631627597
176000 960.4074903273773
177000 795.0439900324602
178000 1209.9822397328771
179000 3101.775381104566
180000 1160.4189328380633
181000 1623.3585648033472
182000 967.6266870358802
183000 2071.40650313737
184000 2421.089306127228
185000 2136.391621990033
186000 1818.1588467368115
187000 781.116417663952
188000 729.5559469491706
189000 1543.9520374686992
190000 743.2439456641812
191000 829.0463045135891
192000 1044.6322797979826
193000 510.44832731441676
194000 709.2963969890436
195000 498.16420646592405
196000 1178.4879101292433
197000 1357.6779861017435
198000 570.1990825247298
199000 1907.1075580871068
200000 831.0591086134531
201000 669.3985953958874
202000 719.3463511294457
203000 517.4985236977881
204000 478.3483108915002
205000 988.392523040821
206000 520.3752673878637
207000 844.086735152563
208000 2390.7354928988752
209000 779.0305632957316
210000 801.7590214038614
211000 657.7790948200935
212000 875.1520150309756
213000 414.6413789444844
214000 1002.2202775882549
215000 692.9860995409979
216000 496.65636449884335
217000 705.2223905371686
218000 773.4135029081131
219000 727.6777014124611
220000 716.2673168099741
221000 1021.6928056013867
222000 839.2404319536475
223000 747.7219066518676
224000 834.4371428203661
225000 861.6434858228677
226000 816.1345401364628
227000 780.5278613700156
228000 669.1011940753328
229000 1720.915587420664
230000 628.3180110605507
231000 952.3284371381451
232000 490.4887576394427
233000 1172.0146428911517
234000 425.2510669938445
235000 661.9209980367189
236000 521.5686991952543
237000 696.9102369974319
238000 741.0579733118423
239000 732.9738476195397
240000 495.3426538825086
241000 437.05288239117806
242000 513.4868234034032
243000 587.9764101999225
244000 429.29393979939704
245000 3367.228655431699
246000 426.37205435103516
247000 829.8885647082441
248000 846.3913105784229
249000 903.7031722476031
250000 819.4042411896322
251000 535.2703817426883
252000 461.2412846490316
253000 455.7644971151056
254000 423.97534096446117
255000 487.6617784054282
256000 495.2108313581613
257000 414.4412419950607
258000 413.2928889162102
259000 587.9691452963859
260000 442.5194800896811
261000 866.7611354684144
262000 594.0913475910021
263000 479.6277820949907
264000 560.2702251331837
265000 740.2498944119211
266000 467.96519883452993
267000 702.3660166741972
268000 785.5220039309128
269000 468.62466233098957
270000 562.5407267887192
271000 831.4316433876054
272000 591.2114246089504
273000 867.713799444593
274000 430.866431184837
275000 538.4157317204372
276000 594.3635066344133
277000 547.8074313491982
278000 565.2454005674646
279000 497.1046103257081
280000 396.1217731029063
281000 -8.63734825317911
282000 787.55806042029
283000 626.8739909710437
284000 644.3207349868196
285000 468.2589350919766
286000 693.4266002586567
287000 -0.8902277896079414
288000 -1.7728989741718348
289000 175.91642654807774
290000 185.92727062825594
291000 -0.5461748849426652
292000 -0.9020251103169933
293000 540.2337480117276
294000 606.8689173116902
295000 213.73785965822617
296000 504.9412816120215
297000 669.8273457817766
298000 499.73182669345715
299000 436.235319344022
300000 583.7739417219768
301000 608.5170406427359
302000 441.1844523554657
303000 -3.1316778791339717
304000 -0.6069729591640415
305000 517.2543052398812
