5001 2.2702846989942946
6000 61.87337488270564
7000 16.77504710228994
8000 269.3774690128376
9000 448.17054062947426
10000 320.6806105757833
11000 798.0354130277888
12000 365.04077716076506
13000 487.23942173365424
14000 166.4208544897657
15000 244.79058171896673
16000 292.1109951720226
17000 387.7805226904492
18000 359.6803892018062
19000 440.8659704015548
20000 477.24828247981867
21000 420.5170176237087
22000 432.47348701075543
23000 344.3050690956923
24000 342.25238632424106
25000 362.3415746190101
26000 359.01241962313185
27000 417.8026434464044
28000 316.29140183179436
29000 320.3519019147249
30000 352.80120021637356
31000 427.3526404163093
32000 418.15272680026567
33000 454.83832499460976
34000 481.26718361376
35000 377.710244883638
36000 670.357328613493
37000 386.42718002019495
38000 407.5905231445305
39000 391.9163516607249
40000 457.08742028140216
41000 476.9445249015136
42000 398.6830741516632
43000 403.16380867598093
44000 467.79439261787303
45000 581.2756958741259
46000 472.1713916243363
47000 407.3371648426304
48000 467.23261385061744
49000 456.2419417561945
50000 461.3815757770366
51000 635.488256048641
52000 503.6388867314452
53000 465.97937044830053
54000 540.0456022612893
55000 561.453866245068
56000 477.36729467230964
57000 621.3800710814204
58000 683.471534680988
59000 657.0277395128919
60000 654.9375059077936
61000 686.6026608495455
62000 852.7114662575492
63000 881.7954791289952
64000 669.1519903048599
65000 568.0194398765271
66000 1015.6181862131191
67000 1689.088317464096
68000 1218.6010978914949
69000 726.9328628679361
70000 712.3049364250468
71000 902.1208180086435
72000 934.3383004917105
73000 1333.3873290963181
74000 974.3592640646239
75000 702.3539581330194
76000 2953.456375884224
77000 1362.65631120237
78000 2002.595014651201
79000 2832.739887198178
80000 2374.0395409750113
81000 1052.2065999340034
82000 1379.8789942283643
83000 1037.159032235908
84000 3082.777156303341
85000 2873.303306885805
86000 682.1900306852625
87000 1217.8570794130303
88000 1152.380779143538
89000 3664.0780624536405
90000 3390.871718125466
91000 3077.0462358843547
92000 1290.059185732828
93000 1104.1026861286205
94000 3864.833008121008
95000 3564.279226204156
96000 3986.9851992023578
97000 2894.22376699853
98000 3492.472888857164
99000 1307.2668066279584
100000 3345.2375030570597
101000 -14.326802755032285
102000 2665.3588907231015
103000 3432.0173727065967
104000 1355.423949474007
105000 2828.3441626271897
106000 3275.7157300515
107000 2779.664571724557
108000 3416.833285722213
109000 3627.1786712212315
110000 3605.570334830816
111000 3676.8109938892
112000 2193.2806526886516
113000 2118.1407570925926
114000 1514.7897501001503
115000 3715.8557522132514
116000 3723.844441416738
117000 3682.9987106734234
118000 3626.6204575090896
119000 3893.911351171771
120000 3596.1480527398226
121000 2843.128478102394
122000 3981.557815372414
123000 3948.2919520105665
124000 3939.4640350374575
125000 3932.483398745678
126000 3809.0553027696615
127000 3603.229178711139
128000 3842.7318045583042
129000 3851.3706946175457
130000 3762.6084507893793
131000 3831.310310973792
132000 3662.2512457150324
133000 3727.6431262884166
134000 3776.415693664612
135000 3823.528955426182
136000 3790.4585261272077
137000 3812.6302758113934
138000 3805.8001291622413
139000 3800.3379888556774
140000 3847.036639875246
141000 3808.3272505785426
142000 3884.024134793364
143000 3641.6554892804197
144000 3872.0320911575486
145000 4075.116374969268
146000 3883.3577342345534
147000 4021.222821637355
148000 3883.3672759236297
149000 3985.239876893441
150000 3910.5219679358197
151000 3950.9820994549095
152000 3830.8613765622977
153000 4029.33058544496
154000 4065.264874726958
155000 4008.1641067291725
156000 4006.28216656893
157000 4090.2918717830144
158000 4037.803811217943
159000 4064.7677202129526
160000 4049.986634001851
161000 4075.4414591089335
162000 4038.336183429075
163000 3974.799755340961
164000 3995.5788452368433
165000 3955.7987648127673
166000 3963.8361236226774
167000 3925.8578341974294
168000 3943.029879388471
169000 3979.003313626882
170000 4065.7099221044145
171000 4031.470725379643
172000 3947.5296847040627
173000 4077.60775973846
174000 4102.964168906179
175000 1951.0681106722775
176000 3966.161495254808
177000 4022.376334707807
178000 3975.8220790003916
179000 3956.3282621468156
180000 4029.1307812322316
181000 4006.2069456646313
182000 4155.022299442444
183000 3923.9979534801723
184000 4093.380241924541
185000 4082.3574797724164
186000 4052.304184682197
187000 4063.7688733417585
188000 4070.5948001057272
189000 4115.758482341529
190000 4134.679743608982
191000 4049.7415279145325
192000 4103.922555102127
193000 3983.3214799549705
194000 4081.69584664961
195000 3999.9476002260008
196000 4079.508661790683
197000 4231.279539968329
198000 4204.173793946209
199000 4172.476418962856
200000 4122.317890781113
201000 4151.821693942218
202000 4031.2107574175475
203000 4272.829257901847
204000 4003.5248218086535
205000 4101.043304621669
206000 4259.930411117771
207000 3874.4113672621847
208000 4158.936921447099
209000 4271.488162227079
210000 2451.520689477111
211000 4162.784053121658
212000 4224.304132619383
213000 4248.902851676775
214000 4192.635896280843
215000 4272.371610616507
216000 4019.4901680822986
217000 4108.853632593966
218000 4038.0943505651194
219000 4160.701643836477
220000 881.5482389751969
221000 4124.116776207211
222000 4336.347248773654
223000 1891.2154913619022
224000 3821.208158209383
225000 4068.5276583277177
226000 4209.215309449982
227000 4364.25275383961
228000 1046.214740023217
229000 4261.394926460858
230000 4136.293425567415
231000 4168.638343869131
232000 4249.913026798249
233000 2906.621366572575
234000 3991.620175133538
235000 4305.8745143722645
236000 1710.560430858314
237000 4201.603979923193
238000 4304.067031440416
239000 3125.790758600746
240000 4329.869417902832
241000 4382.2614590613
242000 -6.703890018762808
243000 683.0310151113416
244000 4285.433305492057
245000 4371.131767594039
246000 4292.076572961138
247000 4467.649974087763
248000 4234.494160477806
249000 4354.166425685208
250000 4337.380124011578
251000 3488.538540206099
252000 4318.999967235755
253000 4314.415213542344
254000 4172.43568397666
255000 4282.519657595124
256000 3737.685715369811
257000 4304.18508618509
258000 4489.300852539984
259000 4364.965055620337
260000 1772.694340509514
261000 4073.9413262670178
262000 4454.271543983041
263000 4383.661670262152
264000 3820.431383695615
265000 4053.904450629704
266000 3594.8453753164576
267000 4078.875317601286
268000 4291.0320780434795
269000 3934.7448102567223
270000 4407.034352243931
271000 4508.356086159087
272000 4327.387540444491
273000 4466.231610880756
274000 4408.033904880678
275000 4360.90340855583
276000 3048.118014243441
277000 1847.9854989306652
278000 4497.879589997201
279000 129.39866269290297
280000 4358.692700584622
281000 437.67966088794384
282000 929.7219244613725
283000 4367.3506645129955
284000 4294.97051046026
285000 2536.0636325093287
286000 4046.0091982115323
287000 4468.760284681683
288000 3986.6365413659223
289000 3977.679025481484
290000 3439.6981972736676
291000 4112.097049289605
292000 4366.846837357722
293000 4453.508790342539
294000 3460.259532864917
295000 3755.8555059091645
296000 3927.1049591027127
297000 3737.9512362572327
298000 4436.937460997288
299000 4123.426667874142
300000 4297.543036950806
301000 3946.1729148699205
302000 4269.568631690856
303000 4313.893359259578
304000 4513.200952765669
305000 4202.073096497625
