5001 2.2702846989942946
6000 61.87337488270564
7000 16.77504710228994
8000 269.3774690128376
9000 448.17054062947426
10000 320.6806105757833
11000 766.3252065268543
12000 300.022190087129
13000 176.91866813326482
14000 161.3140009509218
15000 427.36714470225405
16000 334.9137033806771
17000 247.6638351714174
18000 246.75933625862825
19000 427.3002792946061
20000 346.8462316484472
21000 383.356573090831
22000 404.49835142595583
23000 441.6121980490892
24000 575.6627437680213
25000 504.7159180766418
26000 455.2054230322864
27000 498.4205542012075
28000 679.3474755300924
29000 462.519007939961
30000 524.9784039891767
31000 482.59616737459555
32000 515.6072578958108
33000 475.9909675421004
34000 465.3339994810384
35000 510.6851943724738
36000 508.22920341210374
37000 769.0726618280247
38000 531.1010687591427
39000 538.2857908006384
40000 537.5953829065796
41000 469.24673553001037
42000 467.67457270702727
43000 560.2783907583596
44000 524.8404987437683
45000 490.58671859118294
46000 504.4139901408789
47000 717.4082227918731
48000 719.921462124704
49000 438.99134677075807
50000 458.12561909003733
51000 539.0749328778031
52000 445.5615119913776
53000 459.4562660881779
54000 474.3353695349647
55000 456.15982490211616
56000 475.67882571568896
57000 334.1327576827465
58000 473.11038830390544
59000 759.4631027780939
60000 462.16692205218396
61000 447.02164970522426
62000 429.1540121720469
63000 579.3403059983041
64000 888.3295377736333
65000 706.5840316809288
66000 915.3715544215817
67000 1052.5221824748496
68000 629.7190214484641
69000 380.3835704575914
70000 420.83437031538836
71000 667.0601426998612
72000 470.46415981497074
73000 437.9140573335837
74000 470.6627547631773
75000 413.2417351609882
76000 463.4963889174281
77000 491.5156869930206
78000 373.7932992108463
79000 466.61528588406657
80000 506.7839429795217
81000 626.3644739556537
82000 544.1255127349668
83000 561.2559511043494
84000 727.5870835620126
85000 576.083825796671
86000 477.8699324811525
87000 830.8076221977893
88000 797.3917546132207
89000 472.10377281963054
90000 550.3651731205646
91000 883.646394567565
92000 719.03934190636
93000 1421.8671379743407
94000 1823.022225080937
95000 1430.0546493754737
96000 1477.1562958048687
97000 1814.3126299884134
98000 1798.8343822862294
99000 1359.7478886271888
100000 640.218952164655
101000 744.7414783329583
102000 770.7017755081865
103000 873.5204462727179
104000 1996.5657481695093
105000 1055.8923896047502
106000 1061.268986568943
107000 1665.0829546133186
108000 838.4628409792219
109000 2002.3798096750659
110000 851.8848582327824
111000 822.2122873559881
112000 907.7326713512923
113000 1609.9974184218431
114000 507.7077736588232
115000 1602.9480229795686
116000 1243.2298311129016
117000 2107.3887479022655
118000 2344.9409418545874
119000 2345.6431440714296
120000 2520.5381150625753
121000 2502.623018574045
122000 1965.7442772606742
123000 2448.173874135292
124000 2351.664464861723
125000 2384.640581916051
126000 2277.726411728492
127000 2957.312286038824
128000 976.9001827162285
129000 2845.9661785898265
130000 1728.9974898606117
131000 2830.794936636331
132000 2466.9622433213767
133000 2772.179120964131
134000 2879.400005772695
135000 2748.7724127762604
136000 2796.504813103544
137000 2858.6017465592004
138000 2920.823333949164
139000 2777.22880951198
140000 368.38458503387335
141000 2850.2941769706076
142000 3175.5099889461476
143000 1829.3548586880656
144000 3013.1791454720706
145000 2695.3270356090447
146000 2772.218974573344
147000 2962.44258321572
148000 7.076091791505796
149000 2586.116441338164
150000 1459.343506780265
151000 3124.1395992456614
152000 -2.9758032129078855
153000 2859.1613642171387
154000 3109.225755156293
155000 2851.66751776344
156000 3058.801895114263
157000 3114.805128977195
158000 3070.6343920419654
159000 2618.0040924809136
160000 1914.3556712115467
161000 2758.9911026759864
162000 2547.054690705315
163000 546.8575066667909
164000 3743.042898808787
165000 2934.886215192727
166000 2897.987802482157
167000 3116.203623716473
168000 3178.2874660123125
169000 2871.621041225289
170000 2976.639592971667
171000 2934.477516459859
172000 1173.8861673572897
173000 2916.5673518848316
174000 755.4725123491014
175000 1488.2425209703529
176000 2801.9331780357566
177000 3357.4914879338585
178000 3665.105430222416
179000 2866.665222708937
180000 3106.213121696209
181000 2968.167865022778
182000 3379.3369045596855
183000 3311.223240768816
184000 3107.9200590364762
185000 3253.8721201653584
186000 3353.323223938103
187000 -12.275908114297096
188000 2939.779610460023
189000 3106.755479738455
190000 3079.967930701022
191000 2011.91876865876
192000 3352.226319572472
193000 3100.2535989839294
194000 3109.7832750846733
195000 2737.368218276305
196000 2978.5987204596017
197000 2992.998245605542
198000 3063.1836065781217
199000 1660.9794888904967
200000 3509.3087157429313
201000 2861.8471734781992
202000 2728.775405174055
203000 3409.916488957654
204000 3402.8312986832257
205000 3159.279184970245
206000 2189.3991653103003
207000 3180.8096335143578
208000 2966.7332219647224
209000 3286.331586026102
210000 3019.987127966684
211000 3072.225032294583
212000 3178.289308766477
213000 1049.8282454146063
214000 2120.074921030911
215000 2350.754176980241
216000 132.59295284722705
217000 2176.103973046994
218000 3130.441654425434
219000 3662.2077395088795
220000 3728.2803313565064
221000 2336.8388237575723
222000 3468.279318202928
223000 1542.1443597908017
224000 3157.4664483326815
225000 3529.0830664319924
226000 -16.811034889342444
227000 3209.6434014496012
228000 2172.640206031635
229000 2465.0760146047337
230000 3286.4660456775614
231000 3136.517916864222
232000 2082.9656878544856
233000 3683.2707757750563
234000 2067.878979232864
235000 2978.6372873100327
236000 1738.0777306204861
237000 1344.890079954012
238000 247.61151410176058
239000 2177.718677350219
240000 1582.4511679304264
241000 3035.767910420028
242000 1688.3050203465755
243000 3055.8074775845607
244000 298.0363049810674
245000 3657.587403915918
246000 3423.6248289153095
247000 2727.781973086444
248000 3726.7609095085854
249000 3028.6812040615873
250000 3858.441330679213
251000 3529.3245249376364
252000 3613.5138704381307
253000 3546.108082313537
254000 3540.5685916967523
255000 2891.2718705354678
256000 3311.4196720327964
257000 3271.985992012426
258000 2443.551647645222
259000 3094.9541974023073
260000 3218.880875425425
261000 2029.3206292995733
262000 1938.1094797719634
263000 1301.4301909146072
264000 3763.2768078904264
265000 491.70337590847896
266000 3622.4698315460046
267000 3589.571155998411
268000 1782.8030263175685
269000 1192.7638491189093
270000 3837.9515091627195
271000 731.5772056601012
272000 1273.0692279153984
273000 3506.8446750953276
274000 2820.9946779744682
275000 1996.2450507458038
276000 3769.1141880501973
277000 1998.1123968403906
278000 2671.819798170018
279000 1695.175805680253
280000 3956.6335902900632
281000 1989.5395567533658
282000 3715.961223039406
283000 3629.244794459104
284000 3454.510058958143
285000 1323.233392978821
286000 3096.717576178133
287000 3457.150175906593
288000 3110.1787509216365
289000 4026.854812551047
290000 3883.005666555183
291000 4108.173350524218
292000 3358.852488259031
293000 3571.369305452725
294000 3009.5868861994386
295000 3761.6764823269805
296000 3398.4835323486304
297000 3432.1078499523865
298000 3402.0999702956556
299000 136.40438745009175
300000 3123.7752489167324
301000 993.2762293674896
302000 3632.1899277972516
303000 3310.005566087372
304000 3808.849246108205
305000 3791.579014723894
