5001 10.167912714518566
6000 69.29597896982463
7000 254.3710176889514
8000 232.99653287762777
9000 257.2356269112725
10000 256.42014716787423
11000 245.32264071186069
12000 218.4129962674699
13000 231.01072266454236
14000 240.9119755770575
15000 209.27978731362882
16000 250.99814149209686
17000 262.28957048002985
18000 312.6172493634513
19000 507.2407127568746
20000 525.0469184173262
21000 363.4103510845021
22000 495.0385208507156
23000 342.5900181008656
24000 303.86932909820786
25000 427.907178648171
26000 432.2313150112133
27000 452.4270922302595
28000 487.8206748406891
29000 332.17044569624323
30000 468.46645100763754
31000 398.9946026405686
32000 521.7792832594337
33000 446.7566723886507
34000 396.83421789687793
35000 553.4736697028342
36000 486.5094646071676
37000 538.554428823448
38000 407.16310080442565
39000 672.9600820540257
40000 578.3491737880163
41000 430.90316095803576
42000 369.6794631205976
43000 48.614414207319
44000 377.2050477930901
45000 457.18445519792147
46000 394.5411502670503
47000 643.370487043287
48000 518.341310336757
49000 550.4898892264977
50000 490.6386463043171
51000 537.1110018232037
52000 400.3337764183753
53000 398.22012876843587
54000 946.9021436069168
55000 432.5292644656215
56000 567.7623327445947
57000 552.974340418497
58000 320.1862250102824
59000 393.9630579326918
60000 712.0578370363053
61000 756.4729841066709
62000 830.8955333827874
63000 710.3170839881561
64000 657.9602135097617
65000 713.4277083850599
66000 1027.1759265631201
67000 670.5728829200318
68000 803.0263311948645
69000 690.3531330933431
70000 843.4528180011708
71000 837.366760702175
72000 539.5701188591244
73000 991.8181138917992
74000 802.0789910567019
75000 993.1560346904183
76000 700.4409479854444
77000 2386.957916779496
78000 1786.3670272332583
79000 550.3691698323977
80000 1257.8686583607337
81000 1034.677860901917
82000 983.1500139980556
83000 920.185229673392
84000 2206.5318319126145
85000 2823.9258019529484
86000 1599.754115663786
87000 3013.4651594122092
88000 1615.349095851701
89000 1760.7243699887706
90000 1593.3581275763609
91000 2161.873595199514
92000 2629.342841130497
93000 1688.7298853486009
94000 3783.4684702548284
95000 1697.899125990963
96000 1549.7786208989867
97000 2823.2268695267294
98000 2070.964100747201
99000 1800.0191793028462
100000 3471.5874577039344
101000 3028.6556452392606
102000 4323.796180564352
103000 2220.1324345683524
104000 4104.204733686352
105000 2877.514736839607
106000 2775.9760260203484
107000 3662.873671912661
108000 113.53610146532256
109000 3630.154796596939
110000 3489.9205891985257
111000 4197.418565386929
112000 2919.254644782042
113000 4135.219865829449
114000 4078.0155044699845
115000 3899.2500751915622
116000 3827.2920977238196
117000 4338.71188395355
118000 4109.815468375777
119000 4442.75130276494
120000 4279.3547627159915
121000 3722.7911803980523
122000 1569.3850958596925
123000 4212.732376864659
124000 4124.973014393711
125000 4150.381348494537
126000 2044.3852750600927
127000 4214.746614791438
128000 4065.9679153763855
129000 204.77200623286353
130000 4125.783152623984
131000 1857.0569250992583
132000 4241.121456925127
133000 3535.8516517062685
134000 4509.168962861254
135000 4320.97564388405
136000 3953.7306299551556
137000 4479.58784987129
138000 4692.898887136727
139000 4539.256424746006
140000 4539.224454412199
141000 4263.017353061426
142000 4477.579345531571
143000 4630.906165097501
144000 3225.7767355020233
145000 3836.965538761667
146000 3662.5010328990647
147000 4407.565442630659
148000 4368.387635953802
149000 4235.573455884631
150000 4579.010573130336
151000 4701.592194590621
152000 4407.114068591351
153000 4200.121254548257
154000 3482.2817477830504
155000 3820.4981799422117
156000 4448.284883767723
157000 4506.7313697526315
158000 4549.682296316218
159000 4364.380684952909
160000 4591.837486581637
161000 3697.7107187871015
162000 4522.336403595815
163000 3465.0708788107286
164000 4475.503561360411
165000 4469.553998031201
166000 4623.942255383361
167000 4375.013915956682
168000 4683.695597545033
169000 4549.988967952731
170000 4634.623248270104
171000 4550.470928912107
172000 3995.2188056944096
173000 4562.569102699816
174000 4552.521300034217
175000 4618.519423792497
176000 4494.449548655184
177000 4422.552203698782
178000 4446.982205504699
179000 4647.383742094085
180000 4541.856659508142
181000 4525.964858576337
182000 4675.586689635898
183000 4753.449336199011
184000 3838.1348503234485
185000 4635.887889094729
186000 4452.581988324278
187000 4674.218880582264
188000 4677.540815535739
189000 4779.464583858951
190000 4660.457171097581
191000 4733.837590784765
192000 4773.6029884621075
193000 4709.983342797101
194000 4564.166073512277
195000 4659.6508136518005
196000 4571.144510913009
197000 4749.902737922646
198000 4562.522970460824
199000 4794.936473109578
200000 4497.2095215221425
201000 4538.501392038152
202000 4560.0127684788595
203000 4607.810791639013
204000 4664.262310642864
205000 4651.365480830982
206000 4682.286868643384
207000 4651.897297593312
208000 4527.306690561027
209000 4481.901724111384
210000 4479.1990546653815
211000 4444.979175835344
212000 4478.855652614958
213000 4436.270206480054
214000 2707.532549541264
215000 3897.6375044633824
216000 4170.807943483611
217000 4040.163150268317
218000 4774.485363801219
219000 4473.772236034982
220000 3249.8955588818712
221000 4591.058729145019
222000 4363.92342047828
223000 4652.485586000848
224000 4252.971680898366
225000 4325.06542517119
226000 4368.264843659913
227000 4365.167536108989
228000 4511.8384049143015
229000 4622.501893016022
230000 4647.067003908349
231000 4664.2844394545655
232000 4581.0012498867945
233000 4533.464112326471
234000 4605.508794384543
235000 2595.378291052254
236000 4559.264622743898
237000 4422.468422700319
238000 3807.881067512648
239000 4520.781157030949
240000 3117.9910859795727
241000 4415.527162507987
242000 4674.613967000662
243000 4487.933487915163
244000 4546.432625532077
245000 3801.088455454471
246000 4509.752321740379
247000 4408.443387953031
248000 4372.860635747187
249000 4547.559650668765
250000 4432.109362943612
251000 3701.5613277944385
252000 4769.279730321261
253000 4665.711993918224
254000 4606.752439364388
255000 4671.34758476012
256000 4736.423613509811
257000 4321.1823165855385
258000 4571.109789859796
259000 4554.993395474257
260000 4594.4974851519455
261000 4331.418620239263
262000 4549.321572939008
263000 4646.221430355678
264000 4613.321598618328
265000 4444.509320547829
266000 4655.818571394445
267000 4429.230084041691
268000 4457.953640970181
269000 4531.247063737749
270000 4539.145826872353
271000 4643.157556259472
272000 4617.251436430949
273000 4494.337687537364
274000 4534.719157922325
275000 4606.21868456548
276000 4366.389297592739
277000 4603.304774986013
278000 4629.106771908899
279000 4652.352726526805
280000 4636.745489158672
281000 4752.491531912769
282000 4535.026287108316
283000 4689.933060603829
284000 4744.115416493545
285000 4686.318244921213
286000 4718.209055993237
287000 4226.449653831228
288000 4743.676750296369
289000 4657.8924933391545
290000 4767.592467436438
291000 4603.156257856871
292000 4656.974784599048
293000 4593.062612551017
294000 4618.929548098945
295000 4914.941945700448
296000 4461.84446536972
297000 4535.073913172479
298000 4524.168627211087
299000 4752.412317047364
300000 4663.2373751198775
301000 4668.375801013781
302000 4721.502304772655
303000 4776.66432245884
304000 4757.724405558916
305000 4657.230666210968
