5001 21.167597047000008
6000 31.89633702295787
7000 300.26991823463163
8000 265.64811241768336
9000 291.52405905190136
10000 283.7270731633107
11000 237.65000020186648
12000 139.4370575756005
13000 259.8193485608877
14000 261.49574798796203
15000 237.54438962738132
16000 333.69383478410697
17000 236.4626403686663
18000 349.86867506126714
19000 268.8657886565141
20000 296.67452751744804
21000 347.74297723398143
22000 506.2518941858974
23000 353.0895933109058
24000 685.7067017587327
25000 340.9991638819249
26000 303.922341920057
27000 369.209947162829
28000 312.63532954428166
29000 271.0679966756728
30000 259.5195294097318
31000 297.11945643272946
32000 333.21999435470514
33000 275.729915644367
34000 277.2564101751225
35000 314.4449731808165
36000 344.99198534721006
37000 401.0872262165887
38000 320.8213922788339
39000 281.19689785867996
40000 398.9035772972104
41000 280.68778446594723
42000 272.7212440524087
43000 498.94176784262766
44000 491.84065871168923
45000 437.08513407535895
46000 508.1577557544477
47000 528.8746708099627
48000 586.8009938068222
49000 532.0354384697508
50000 551.5245031668626
51000 706.8619374246088
52000 621.8133750657378
53000 428.6267869915059
54000 382.46751799416734
55000 495.12276745166525
56000 901.9287702237286
57000 565.4554152948951
58000 612.4845334996473
59000 721.071781530836
60000 608.0559506336823
61000 543.2467835328505
62000 372.09170518399304
63000 574.0402643630739
64000 486.2143306761056
65000 468.07215484268545
66000 434.87805396586344
67000 562.7141969047991
68000 566.9571875212757
69000 509.2583983828569
70000 530.1028164685534
71000 428.3411924769627
72000 520.9354126371683
73000 533.5809854702031
74000 533.4223400764508
75000 530.5590438211498
76000 486.84068502760164
77000 537.2551399344198
78000 501.6207945421942
79000 585.146195141848
80000 521.4109062267335
81000 479.45256427796824
82000 570.6632949706434
83000 494.24051137847283
84000 752.7069916540594
85000 571.8902645401088
86000 462.3354682862426
87000 528.6161761262628
88000 606.2117138588553
89000 555.7160354301324
90000 653.2314734685763
91000 571.1468246870857
92000 618.0011987610195
93000 569.4578484767441
94000 512.5207902495437
95000 499.933448690319
96000 512.5499905643148
97000 494.2039868680472
98000 503.3971540271017
99000 481.48199421855577
100000 581.6246064707564
101000 565.6426712125469
102000 533.441373574665
103000 548.1738023375981
104000 521.907988171319
105000 545.4662101108294
106000 530.9027011338162
107000 718.0102444862155
108000 688.1068035609658
109000 642.4343387027993
110000 670.1118328129251
111000 607.8437351031755
112000 546.2798902543652
113000 591.500498095021
114000 516.2629919625003
115000 566.7347104657331
116000 547.7981038168341
117000 486.3798222449369
118000 510.8123075289539
119000 504.6238987115974
120000 491.9194475101234
121000 519.2297678046715
122000 523.1420016140607
123000 527.7180826038616
124000 500.2854595940692
125000 563.566414585873
126000 535.1768245442187
127000 523.4167001888071
128000 523.565575240779
129000 494.50772789682725
130000 503.0186581659068
131000 503.95656547002716
132000 526.831322260397
133000 545.8471818651958
134000 546.0855654672007
135000 664.8723851455397
136000 693.5801607508595
137000 562.7470187482696
138000 585.6995024516126
139000 549.9813429822
140000 561.5727459752537
141000 573.9652239252503
142000 575.3067003677144
143000 583.1493270459835
144000 670.3779386287187
145000 744.3044297946575
146000 708.4161232529584
147000 739.5366805615597
148000 800.8148268028233
149000 975.1426437406468
150000 2386.3930036137726
151000 1004.2821689840573
152000 1388.8396356721078
153000 2162.318315597965
154000 2744.1880557284403
155000 1148.457240996278
156000 1817.6954148677717
157000 3009.9543584642156
158000 3468.9578829001744
159000 3496.101233647074
160000 3275.9339610531033
161000 1027.7878795696681
162000 3130.2004939610206
163000 3297.5813873828847
164000 2920.8116270060673
165000 3256.071969450237
166000 3511.8783984716783
167000 3273.8591456365384
168000 1448.7185943413297
169000 3563.863915904521
170000 3448.134587906365
171000 3337.7545435325965
172000 3453.5913875529636
173000 3496.4842420244377
174000 3553.3285859840444
175000 3286.38670007527
176000 3437.8141816890247
177000 3377.5223318052113
178000 3380.126000335684
179000 3455.072481118096
180000 3295.32747055112
181000 2088.380740325395
182000 3700.3722501789757
183000 3387.2746445811454
184000 3407.2679489151733
185000 3371.9234979561215
186000 3472.090311337023
187000 3463.9807585080243
188000 3515.754323479501
189000 3583.5515874823554
190000 3604.854701417296
191000 3512.306998288435
192000 3492.025737230956
193000 3659.4241915861653
194000 3504.5227113292844
195000 3614.03393512236
196000 3587.9860187677973
197000 3575.396304316694
198000 3637.9634772447253
199000 3458.119454868857
200000 3489.519014382907
201000 3675.5239452925357
202000 3673.5375958478703
203000 3683.5957363110997
204000 3727.515053711305
205000 3612.6381599714887
206000 3739.6660697493853
207000 3537.804922847348
208000 3600.920655657749
209000 3677.156975389835
210000 3676.1112032022224
211000 3846.539381716882
212000 3840.313396072863
213000 3913.992442098867
214000 3792.9199575146836
215000 3818.832248332071
216000 3953.7097641300666
217000 3721.0306284696553
218000 3729.392189280536
219000 3815.7610875311852
220000 3817.7594285699356
221000 3808.261085353201
222000 3823.757944588374
223000 3825.8300776696224
224000 3922.632697631824
225000 3885.18607772576
226000 3981.708236157375
227000 3775.4823494445054
228000 3983.8471992791556
229000 3883.805324704602
230000 3910.992929577864
231000 3887.9611211243528
232000 3856.781782969812
233000 4072.275341398688
234000 4075.050671780837
235000 3996.7971824600345
236000 3993.568865573458
237000 4064.9787778051323
238000 4024.4300854678795
239000 3934.840622859546
240000 4110.706552199159
241000 3989.190594243556
242000 3964.555619142638
243000 4083.220023436763
244000 3988.452448417161
245000 3893.960490911823
246000 3914.572356061394
247000 3911.44315969481
248000 3906.7633330126546
249000 3886.0034685511505
250000 3843.6946715142376
251000 3867.1991857372473
252000 3958.0100615664865
253000 3909.2728856245753
254000 4057.624088315938
255000 4046.980677796011
256000 3897.1164803712127
257000 3965.449481440587
258000 4016.519400767619
259000 3835.437014246147
260000 3873.4960398167736
261000 4001.3266795875934
262000 4108.87096633966
263000 4162.248718217097
264000 4113.942929535754
265000 4049.9709349383056
266000 4134.0845170018065
267000 3969.457417924047
268000 4149.42364435826
269000 4095.684622747586
270000 4023.1884839256477
271000 4169.045301598429
272000 4089.7314976208154
273000 3999.2257308598478
274000 4081.9739294192686
275000 4048.8077782039245
276000 4165.770118962976
277000 3973.0508183505817
278000 3945.972523865306
279000 3974.172142214057
280000 4039.426283183947
281000 4082.95101404366
282000 4184.988942107628
283000 4038.735765747784
284000 4014.9744994968387
285000 3820.3136056846197
286000 3905.604366635181
287000 4007.135585946414
288000 4096.969463843927
289000 4117.632604554035
290000 4141.724197450692
291000 3990.7434583083314
292000 4085.0509781093997
293000 4100.330300005927
294000 4029.6735080280423
295000 4012.863758577953
296000 3968.1804552976305
297000 4093.0864205020102
298000 4164.776520957011
299000 4104.464614035032
300000 4144.332748636294
301000 4322.40964685333
302000 4247.056190376978
303000 4235.887457173036
304000 4359.480473464301
305000 4223.309375383378
