5001 -1.7623587085131842
6000 -309.6917211817852
7000 25.425540180232183
8000 1535.9414018782486
9000 2271.4528135273167
10000 2405.6406917656323
11000 2438.4484859751838
12000 2849.3015940907517
13000 3409.101257918241
14000 3491.370327358746
15000 3865.205175882991
16000 4133.8184565029505
17000 3911.9644577375075
18000 4096.7194417214005
19000 4482.933777483096
20000 3624.6536852550025
21000 4622.404532165154
22000 4812.652673033978
23000 5157.926487295272
24000 5307.650830961622
25000 5443.999337065395
26000 5743.0155856173515
27000 5094.385923815798
28000 6030.153588316856
29000 5933.383699118935
30000 5066.064583424282
31000 7365.507623867919
32000 7256.618645862111
33000 7734.312371326807
34000 7831.027567698051
35000 7692.182555544072
36000 8069.284990523566
37000 7853.813445566104
38000 7965.856994646585
39000 8397.230522981472
40000 7752.590705112282
41000 7805.1625825317
42000 4426.306472520526
43000 8475.39892394412
44000 8997.449559290559
45000 8846.639113650235
46000 9106.725626263385
47000 9095.0079340562
48000 8602.874619178943
49000 8860.747838763675
50000 9133.616511837423
51000 9154.1198561808
52000 9468.116335124661
53000 9498.357755800514
54000 9694.435075744226
55000 9378.236545959913
56000 9084.305353173142
57000 9911.73962730583
58000 9447.91479767095
59000 9856.128369208729
60000 9886.235195938507
61000 9061.264046283284
62000 9956.573489920951
63000 10119.87940342805
64000 10065.494905377664
65000 10055.116250260282
66000 9966.189521659291
67000 10001.332990559647
68000 10059.958295782748
69000 10045.440356084493
70000 10261.504168990265
71000 10335.749662084638
72000 10282.324561552265
73000 9141.741383734898
74000 10022.338944349394
75000 10505.731761815392
76000 10346.948803528012
77000 10031.739653391429
78000 10749.599032930453
79000 10353.05444805824
80000 10442.299528934305
81000 10583.921271427356
82000 9803.13624986161
83000 10482.20059565252
84000 8961.081425060544
85000 10585.185130404589
86000 10707.845286896438
87000 10703.10013231058
88000 10675.260572119352
89000 10594.319158005983
90000 10168.579410149026
91000 9723.685548716592
92000 9884.598785341577
93000 10520.382072133456
94000 10499.245210228204
95000 10768.989592378748
96000 10665.877269177387
97000 9028.126571495983
98000 10636.662343809037
99000 10710.387522793919
100000 10303.363900114276
101000 10910.087095635945
102000 10817.22285028315
103000 10701.019287311132
104000 10780.055755254396
105000 10682.38957525351
106000 10806.733028911056
107000 10898.399426166041
108000 10106.641192611072
109000 10687.403670684327
110000 10934.124007680157
111000 10800.636189758497
112000 10646.623593383109
113000 10961.26077509548
114000 11107.54575665812
115000 10854.116875384607
116000 11022.30259514298
117000 10960.277815297666
118000 10896.988786132457
119000 10668.069275490832
120000 10396.390263833333
121000 10829.425152317477
122000 9271.401588963477
123000 10070.671279570368
124000 10914.652861368126
125000 11121.421174984258
126000 11052.729569776018
127000 9851.746359646178
128000 11020.419028880535
129000 10364.219765439168
130000 11084.762558375278
131000 10883.60043592882
132000 10909.707534584055
133000 10876.430408693053
134000 11105.766865492387
135000 10941.983179956875
136000 11006.716853010632
137000 11274.445591359752
138000 11115.383583527077
139000 11124.536495916222
140000 9541.320613582746
141000 10876.109268609487
142000 11131.010670422054
143000 11177.396673868785
144000 11126.075548906658
145000 10984.934221292522
146000 11120.868841108935
147000 11257.100568747088
148000 10994.121053842058
149000 11190.30283334642
150000 11219.22828365015
151000 10999.059295288025
152000 11122.377789165157
153000 11203.22229838123
154000 11247.449650304581
155000 11220.273667799664
156000 11114.947183203858
157000 10675.952841344168
158000 11118.643179593946
159000 11254.251837721964
160000 11130.209171593737
161000 10923.601701808835
162000 11317.640596598398
163000 10047.480433042285
164000 11238.492596807579
165000 9793.969333414378
166000 11222.372423239029
167000 11010.789436734594
168000 10446.383168687029
169000 11282.384253749713
170000 11189.414817268947
171000 11331.116812464792
172000 10618.628221851886
173000 11042.107783983922
174000 10950.974003950372
175000 10469.17356662266
176000 11364.093620617266
177000 11316.436933058847
178000 10160.669351981447
179000 11066.56138158197
180000 11282.46410945275
181000 11373.939541225633
182000 11028.562494184738
183000 10750.281047214503
184000 10374.129073628856
185000 10755.759915291623
186000 11072.689708104775
187000 11370.470865015504
188000 11420.071161992684
189000 11315.27165955298
190000 10425.782941974981
191000 10549.346433820956
192000 11605.04878068771
193000 9800.63912304339
194000 11065.577304696053
195000 11085.211824037351
196000 11504.755662135594
197000 11719.027346077559
198000 11104.902366085316
199000 11231.67984949589
200000 10735.658224907816
201000 9773.075428699867
202000 9462.662724248916
203000 8222.608563599646
204000 8339.170051811718
205000 9160.18871021217
206000 11198.133097484315
207000 11252.396606011229
208000 11376.43427077242
209000 10446.913376111906
210000 11368.51994666848
211000 11495.327534944006
212000 11388.275293750641
213000 11425.786765319794
214000 10944.560333399495
215000 9831.308781957077
216000 10510.304692137954
217000 11426.486040727348
218000 11466.860599517293
219000 11045.407099449405
220000 11448.776534045006
221000 11472.55289696642
222000 11059.1102925662
223000 11600.908934052835
224000 10093.888077093598
225000 10258.443810180417
226000 11470.040739577827
227000 11535.22968288135
228000 10058.833340716928
229000 10875.193696831502
230000 10740.211526360394
231000 10455.791998190958
232000 10535.330944441212
233000 11629.050407070517
234000 10786.597230792371
235000 11495.939400182951
236000 11596.01303795334
237000 11554.47046327462
238000 11544.304178297887
239000 11267.823679520654
240000 11427.516448236442
241000 11422.986640844747
242000 11405.443021566782
243000 10807.953293333438
244000 11672.027646792281
245000 11523.939726071596
246000 11722.634725613543
247000 11551.291354230856
248000 11709.412581283783
249000 11433.663033415876
250000 11701.377621063632
251000 10407.598095255988
252000 11558.70461417943
253000 9830.941294648544
254000 7257.065796525053
255000 11214.890074592167
256000 11527.86709043967
257000 11647.509392561693
258000 11095.58855342714
259000 11847.354434569137
260000 11898.861721812413
261000 11584.63577710121
262000 11540.928334317272
263000 11658.44459565868
264000 11716.580181519344
265000 11501.421987173377
266000 11181.450927297516
267000 11678.518109627626
268000 11546.002436682713
269000 11711.497008838767
270000 11630.54218950711
271000 11480.595728034037
272000 11668.560476147852
273000 11581.271777646614
274000 11746.06876369204
275000 10682.32151451162
276000 10032.424745083877
277000 11630.273785983396
278000 11578.441054026567
279000 11748.420490873705
280000 11852.772189801757
281000 11645.314132332971
282000 10665.255703153154
283000 11626.282394398779
284000 10974.883666366037
285000 11643.668013681381
286000 11817.04299261772
287000 10630.535522356966
288000 11664.387140621639
289000 11516.900115023975
290000 11078.45881179312
291000 11383.61685916971
292000 11659.171115849613
293000 11639.092547244069
294000 11843.159766561208
295000 10903.399849351208
296000 11773.660615702218
297000 11776.73906594382
298000 11704.880623051708
299000 10862.22418648879
300000 10539.806306310264
301000 11384.752488216518
302000 8518.91407113381
303000 11051.653675360967
304000 11225.886444471627
305000 11917.515662259615
306000 10045.933414843008
307000 11231.310286415506
308000 11824.060595115672
309000 11961.297461486445
310000 10012.104681034582
311000 9721.296926654582
312000 11760.432448371794
313000 9883.433689951607
314000 7962.984843423636
315000 11186.85236573088
316000 11203.479674919798
317000 11236.775060038626
318000 9792.343752987883
319000 10718.120445182409
320000 7666.3188621774225
321000 10493.03930464839
322000 8795.984029631434
323000 11551.8296076257
324000 9998.999993838479
325000 4101.627794060257
326000 9235.522132856993
327000 5054.1797103128265
328000 8287.094451938583
329000 10419.976461587343
330000 10393.120081928753
331000 10839.8283471231
332000 11821.440190169738
333000 11711.981297788889
334000 12019.705301882557
335000 11421.131722735761
336000 11772.828510901832
337000 11701.136681876536
338000 11902.328469563248
339000 11773.785800753893
340000 6870.40771631557
341000 11789.765555050584
342000 12002.365188383983
343000 9929.847693461965
344000 11619.44172009238
345000 11802.122775401207
346000 11764.665543539264
347000 5264.991863340301
348000 10379.72380049902
349000 11761.758647583029
350000 11670.23045179182
351000 11901.40054706814
352000 11283.96799315512
353000 10429.352534112908
354000 11945.664328236824
355000 10452.730962602189
356000 12048.087028799666
357000 11925.58302608188
358000 11831.041022205218
359000 10285.860958700048
360000 8283.864118465684
361000 11945.304619670842
362000 11071.291283786573
363000 12024.87573551863
364000 11804.665073945052
365000 12010.366743636381
366000 11577.099257709993
367000 11494.53657238631
368000 11192.570579814019
369000 10838.185498357303
370000 11184.172304111238
371000 11967.389503385757
372000 11730.227622486016
373000 11868.291173252761
374000 12048.286063714591
375000 11908.45616897372
376000 10947.176993111836
377000 12020.93785380678
378000 11589.18115328509
379000 10362.225030689746
380000 11344.126001502653
381000 9396.962447789923
382000 9753.669587255683
383000 9613.628297795269
384000 5305.893287636529
385000 11734.433629298252
386000 10353.351948707388
387000 11426.441242935207
388000 10029.26821613833
389000 11479.113789043642
390000 11693.289876418476
391000 10532.609735844675
392000 11704.745270573923
393000 10319.35377848036
394000 6516.981995282003
395000 11124.548510785771
396000 7796.2088630003145
397000 9477.642204061483
398000 8419.42429316646
399000 12100.601432908685
400000 11707.443578559996
401000 9923.966556323827
402000 11753.090012041219
403000 11964.341354079956
404000 11902.256615856704
405000 10205.325623530396
