5001 -0.6409963647577094
6000 918.9107936352615
7000 1589.1703336322685
8000 2389.8743098608275
9000 2735.935084903154
10000 3698.502104629716
11000 3877.854138485241
12000 4007.8986618657555
13000 5356.272770037046
14000 4462.184940525676
15000 5264.032057734339
16000 5820.72101497911
17000 5852.892025126294
18000 5674.131647836382
19000 5931.975020166248
20000 5422.788370161619
21000 5630.147218303946
22000 5553.534945837973
23000 6522.2916866603755
24000 6141.394079929751
25000 6287.935998190567
26000 6596.883692362528
27000 5972.476115488111
28000 6738.895072162797
29000 6813.9362466507255
30000 6866.551743692947
31000 7048.819304165841
32000 7148.193911799087
33000 7411.85580724268
34000 7344.487184868985
35000 7360.696555163709
36000 7348.287151254344
37000 7783.127692932338
38000 7340.08244568661
39000 7802.287026294926
40000 7657.343070724596
41000 6810.510287825398
42000 6578.565872160589
43000 7303.996425755971
44000 7814.457782076855
45000 7940.209941399519
46000 7916.302970745378
47000 7927.115685575202
48000 8132.690453105339
49000 8171.16851751039
50000 8411.911885954663
51000 7958.975168757347
52000 8369.298105789168
53000 8567.537061266885
54000 8600.204055227103
55000 8057.348032052241
56000 8587.159407899206
57000 8443.277835059986
58000 8691.23998557099
59000 8540.255738775031
60000 8769.176771483897
61000 8913.704080359894
62000 8841.98148845609
63000 8957.512788340206
64000 9058.885878492389
65000 9009.157780807609
66000 8721.44138344994
67000 8988.506743338934
68000 9200.913131700245
69000 9078.02319355828
70000 9018.918541712961
71000 9277.502822668554
72000 9175.74679070649
73000 9244.94111811962
74000 9445.425149139268
75000 9378.662036127394
76000 9260.16097856394
77000 9366.290013561762
78000 9411.784239733655
79000 9430.351915932772
80000 9548.204675653698
81000 9394.132193075835
82000 9607.782570572972
83000 9489.011392142718
84000 9483.232915073319
85000 9288.106926773828
86000 9654.479496082615
87000 9455.184936986527
88000 9716.849834180051
89000 9928.99566994292
90000 9905.29949790129
91000 9873.464802498298
92000 9881.78658427994
93000 10136.72078716481
94000 9805.037620640887
95000 9963.470007152158
96000 9936.834523430902
97000 10173.101239236497
98000 10125.723101464346
99000 10291.656442067973
100000 10120.84051627176
101000 10207.772667709709
102000 9968.087818924978
103000 9424.599013836423
104000 10333.830388401015
105000 10143.295365351169
106000 10195.430467916009
107000 10237.79365500637
108000 10331.726007647638
109000 10204.943997825156
110000 10396.296026050748
111000 10494.379056331902
112000 10261.929626373549
113000 9047.701851476746
114000 7422.244404776009
115000 9436.608213361815
116000 10511.99265421373
117000 9967.969445788283
118000 9769.590781427014
119000 10492.840756727728
120000 10023.718511258487
121000 10496.238655801762
122000 10292.635343570111
123000 10109.514001316813
124000 10361.378464943711
125000 10659.074830161968
126000 10758.495106299562
127000 10548.488297125372
128000 9609.840211223967
129000 10699.649772130066
130000 8645.184592832025
131000 10805.074149317606
132000 10132.077137871418
133000 10837.365038166876
134000 10494.331312381615
135000 10962.222166734053
136000 10731.95512703386
137000 10822.388704629422
138000 8985.846982216884
139000 10887.302332571551
140000 10835.449741725282
141000 10056.623806107611
142000 10093.69844437677
143000 7758.31607609955
144000 11016.948672950402
145000 10825.960489860863
146000 10981.225147832447
147000 10974.728044748865
148000 10493.806398214085
149000 9856.326467282275
150000 10559.491240505226
151000 5905.133847174995
152000 10926.517224638985
153000 10581.253512586329
154000 10856.595182426725
155000 10921.540385255019
156000 11035.250971266314
157000 11129.56341144917
158000 10089.961808992766
159000 11175.690259078863
160000 11209.352511794914
161000 11221.078518351886
162000 11054.335950690656
163000 10647.775076176218
164000 11207.319781066444
165000 11249.050395791022
166000 11298.347214679507
167000 10967.916804661792
168000 11219.201155393694
169000 11083.970010124523
170000 11200.708842739603
171000 11320.955801760814
172000 11304.43226462088
173000 11361.43374794691
174000 11496.354540635772
175000 11348.691253296614
176000 11488.732140095155
177000 11522.028175851021
178000 11326.568021962668
179000 11522.549231507059
180000 11474.971734303632
181000 11459.089386731523
182000 11352.344039525713
183000 11504.415452953757
184000 11500.684286400005
185000 11588.57194257424
186000 11428.359795524646
187000 11352.983606663813
188000 11387.581542487404
189000 10734.049348510724
190000 11467.818693796436
191000 11533.788679310948
192000 10726.37698007552
193000 11419.525762143785
194000 11664.153296083705
195000 11344.94066675656
196000 11251.544145351776
197000 11570.20434346077
198000 10655.462789315492
199000 11758.129771809074
200000 11507.104407975967
201000 11637.617514354022
202000 11686.480623054282
203000 11508.471362805063
204000 11552.418344637965
205000 11562.551853830999
206000 11583.944840629814
207000 11530.158935502597
208000 11550.483360629734
209000 11516.179867559393
210000 11459.676843182304
211000 11661.873071024904
212000 11603.737642875712
213000 11511.25789707512
214000 11653.687167879089
215000 11494.212689031712
216000 11753.972561357145
217000 11850.658276690416
218000 11688.413936916948
219000 11723.887353958515
220000 11728.638593269412
221000 11543.39801240106
222000 11941.398000111594
223000 11691.539351968566
224000 11505.476628460432
225000 11602.476690470434
226000 11012.728356863334
227000 11959.134165793143
228000 11847.4485662611
229000 11806.93916554842
230000 11891.27538910817
231000 11903.025059949136
232000 12059.763728135153
233000 11505.689214939212
234000 12014.460984173584
235000 11784.64639145911
236000 11926.895185464824
237000 12030.147295425208
238000 12191.823227732035
239000 11927.953720764037
240000 11900.298647311763
241000 10919.711387346715
242000 11887.03707113591
243000 11791.38222673468
244000 11873.162259520399
245000 12055.453136472808
246000 11870.21942585269
247000 11908.634949346899
248000 11841.822147862185
249000 12010.496651165375
250000 11955.592414970024
251000 12052.982453110115
252000 11948.893862157409
253000 11838.435118414707
254000 12241.862235130868
255000 11811.893008893976
256000 11992.372655052182
257000 12022.102799105623
258000 12148.169608105585
259000 11838.172283223488
260000 12155.397607090137
261000 12078.371578449873
262000 11953.797876692593
263000 12053.810724912353
264000 12062.177034293381
265000 12128.025815846788
266000 12138.767793670926
267000 11994.454664240748
268000 12048.434262478018
269000 11388.052207217966
270000 12139.595983090472
271000 11602.125146879593
272000 12115.568747527814
273000 12071.680408710801
274000 12098.146766235095
275000 12386.661620120012
276000 11960.478727864034
277000 12224.328796534053
278000 12275.930834954957
279000 12396.990991358054
280000 12204.428611324187
281000 12193.522655919825
282000 12138.77589544033
283000 12123.57481149239
284000 12523.5705681957
285000 12091.853968487747
286000 12322.026015903615
287000 11143.390634545749
288000 12308.656136606207
289000 12153.835320787812
290000 12148.092188066228
291000 11933.727243036883
292000 12320.02109344936
293000 12624.160891954196
294000 12443.787833724049
295000 12464.87815967007
296000 12294.990807910584
297000 12261.532445170315
298000 11450.425567519938
299000 12124.723422469124
300000 11869.689426914683
301000 12251.765885586583
302000 12168.842164856456
303000 12197.041576603177
304000 12280.43997959997
305000 12548.759997914884
306000 12387.005994125602
307000 12543.89192006987
308000 7595.275601793653
309000 12530.68764032998
310000 12544.98426532984
311000 12189.455262422362
312000 11533.813539596547
313000 12342.408187356179
314000 12229.253735965993
315000 12286.067439969178
316000 12527.012066478113
317000 12767.397895610928
318000 12386.183173726884
319000 12851.73701434914
320000 12301.45142345083
321000 10782.365593018845
322000 12389.784267310835
323000 12643.453994068781
324000 9968.515700919394
325000 12678.447553833943
326000 11731.39493653995
327000 12500.142109876619
328000 12286.99269081849
329000 12741.574747002649
330000 12723.177476640738
331000 12644.670355220913
332000 12468.68527955135
333000 12244.340775953007
334000 12852.703599783155
335000 12742.374620730956
336000 12951.087196561846
337000 12614.790948502148
338000 11450.47817049707
339000 12392.093934052298
340000 12149.31873528577
341000 12770.114424078467
342000 12591.59744028343
343000 12912.015366920099
344000 12739.651880990083
345000 12811.640586114334
346000 12697.581083063294
347000 12745.271008628444
348000 12669.675769182886
349000 12476.095971330577
350000 12875.710327558694
351000 12108.879285089944
352000 13146.675770258802
353000 12111.83504643264
354000 12912.115764029078
355000 12106.7300166486
356000 12888.792279939977
357000 12696.216693572205
358000 13286.209602682668
359000 13017.990200525286
360000 13074.010551091462
361000 13213.86803249556
362000 13238.7950636567
363000 13277.996318734507
364000 12983.991172215949
365000 12914.523899662125
366000 13155.132083769331
367000 14057.621714076202
368000 13111.608788469564
369000 13659.300022037834
370000 13400.564138503683
371000 12713.673355566632
372000 12981.29331496349
373000 13033.753823221883
374000 12986.056948889087
375000 13474.757819301702
376000 13061.670355444643
377000 13296.680182638822
378000 13346.18441131015
379000 12752.792514312816
380000 13098.20284370334
381000 13629.24306701874
382000 13255.51901693406
383000 13341.902762175127
384000 13673.203460731977
385000 12323.157582869684
386000 11938.35267064843
387000 13330.320949634948
388000 13431.608586061131
389000 12909.702363719078
390000 10501.052193247557
391000 10667.606532434005
392000 11762.522556782887
393000 13184.276356683758
394000 13392.346221730646
395000 13442.05225999372
396000 13265.438048174989
397000 13901.0375281723
398000 12134.059960429702
399000 13208.850403217535
400000 12970.47312560647
401000 13885.338164152981
402000 13266.45410990459
403000 13580.258087671853
404000 13068.065680047319
405000 14315.872172997484
