5001 -1.6475811655734813
6000 337.0245237068335
7000 1394.859101351468
8000 1617.815845435867
9000 2091.674638783308
10000 2834.5016445411366
11000 3268.3739936090337
12000 3348.269814271859
13000 3512.4589311126897
14000 3887.1660194013593
15000 3792.110672312596
16000 4327.14026492221
17000 4483.8471185627495
18000 5111.928006078561
19000 5151.1782030558015
20000 4940.63943298083
21000 5228.226420779248
22000 5321.853599030909
23000 5664.818112899656
24000 5341.193335528329
25000 5357.360005155309
26000 5645.990448164871
27000 6374.274589017195
28000 6267.033816860877
29000 5704.013978671487
30000 6627.879584399913
31000 6704.16437354337
32000 6746.862074271395
33000 7247.87056208504
34000 7225.809359780255
35000 7981.50893558508
36000 7743.708697332319
37000 8214.571316762787
38000 7905.820237641924
39000 7440.369460957625
40000 8507.178268975305
41000 8990.30038079672
42000 8058.652885124726
43000 7876.03679386242
44000 8751.357672224396
45000 9027.821253472488
46000 9746.51532808046
47000 10048.386143797714
48000 10006.203513950833
49000 10181.6623522816
50000 9887.78295594755
51000 10281.759291095197
52000 10185.440077019048
53000 10001.210902748448
54000 9909.46624434327
55000 10452.144559828603
56000 10821.17674382596
57000 10348.133529280498
58000 9940.922390983362
59000 10153.93217627639
60000 10694.78253985765
61000 10137.576358034581
62000 10908.135289823967
63000 10715.139511922218
64000 10648.992779437787
65000 10610.807503619519
66000 11429.509840911753
67000 11303.443092191326
68000 -425.0548227646539
69000 -174.25566026693576
70000 7598.74755762241
71000 7996.033699222459
72000 9202.313878832709
73000 11009.096117501726
74000 10888.200369911758
75000 10946.489661344345
76000 10727.35721975057
77000 10244.875262778687
78000 8268.271177518931
79000 11557.859619575687
80000 11268.865002406075
81000 10956.751485731831
82000 11344.274162119604
83000 11659.615223233788
84000 11310.724589976384
85000 10932.128843844954
86000 10987.200958388614
87000 11337.16029745721
88000 11507.814230538366
89000 11604.937041309433
90000 11414.19118058326
91000 11269.408738742657
92000 11061.316279423763
93000 11802.344990038473
94000 11546.164100030903
95000 11706.043660719804
96000 11332.11308165015
97000 11316.865978880178
98000 11544.829393160551
99000 9942.741454359902
100000 10674.296088238167
101000 11928.827230412757
102000 11816.514173722397
103000 10642.248083295752
104000 11443.79237857366
105000 12009.58922360225
106000 11938.080035156243
107000 11827.008179834498
108000 10843.136417136215
109000 11781.113063460467
110000 12076.915226883504
111000 10772.99799456245
112000 11924.986827683095
113000 11670.818096469555
114000 11915.614295790841
115000 11884.640999801024
116000 11042.173472214341
117000 11737.713068519939
118000 11971.61312771945
119000 11740.5230932629
120000 12233.933992825094
121000 11504.150471886733
122000 11586.02467034374
123000 11668.200283446444
124000 11837.67045893279
125000 12020.060483873613
126000 11938.651023578626
127000 12137.98273839218
128000 11524.858844049271
129000 11968.01494363256
130000 12194.310418508881
131000 11975.986371659263
132000 11988.86749455887
133000 12007.497234770646
134000 11961.726149937405
135000 11966.09041805573
136000 12209.362766131493
137000 10353.582173690766
138000 12029.288703462262
139000 11994.399770004815
140000 12385.810325474205
141000 12001.605859548643
142000 12150.369357976382
143000 11936.965243032839
144000 12038.154014166086
145000 11173.962388247262
146000 12024.02714627871
147000 12309.035612893891
148000 12145.274084320346
149000 11958.877539986794
150000 12046.2738233285
151000 11997.022562393142
152000 11789.61940720919
153000 10177.60959277012
154000 11958.928522388065
155000 11473.889763798701
156000 12446.36275123622
157000 12161.104458423926
158000 11979.379583295195
159000 12388.26755109072
160000 12342.22696318892
161000 12380.256312162797
162000 12127.846601373585
163000 12073.903076238119
164000 12116.906653351072
165000 12319.442049101588
166000 12331.323074159485
167000 12145.118924304192
168000 12378.344519255566
169000 11335.963777860601
170000 12255.639162145926
171000 11489.567357430424
172000 12144.68755479642
173000 12273.83840296408
174000 12187.593100882066
175000 11699.837124267728
176000 12102.515444327077
177000 11677.32408975362
178000 12202.578173745502
179000 12076.39649074832
180000 12560.52377240363
181000 12406.1695767843
182000 12441.02236227065
183000 11282.459730916195
184000 11258.851990919484
185000 12077.438683054472
186000 12462.767440406604
187000 12388.704617840976
188000 12355.579479555658
189000 12494.1042636286
190000 12205.418993557778
191000 12114.117678365263
192000 12532.964315811523
193000 12539.694217121776
194000 12354.207888253115
195000 11758.340004646689
196000 11701.12533894056
197000 12525.927293338953
198000 10754.276239228431
199000 9717.090440714837
200000 11622.076056234628
201000 12659.778977193931
202000 12402.117523390953
203000 11660.839760688988
204000 9638.851005109218
205000 12534.99003119444
206000 12169.965892905908
207000 12480.168222855662
208000 9552.773814385522
209000 12128.456664156407
210000 11930.52370086902
211000 12172.248832149005
212000 11596.919375374539
213000 10075.673349741908
214000 12357.365527689977
215000 11958.140457844285
216000 12412.69798423249
217000 12601.834576065326
218000 12366.912907641761
219000 12525.840932187524
220000 12473.405332257034
221000 12494.221342465678
222000 12426.136029912725
223000 10704.551987927616
224000 11508.803104743109
225000 12589.51303090068
226000 11392.807949924452
227000 12284.141028722566
228000 12529.068813666097
229000 12560.829079831587
230000 12598.062879277517
231000 12390.101899083344
232000 9889.082633131122
233000 11368.984447963463
234000 11545.251290664884
235000 12243.859534243244
236000 10764.701998384813
237000 10578.500030352083
238000 11004.226859388613
239000 10579.457513079207
240000 8007.396510350345
241000 10977.174003056722
242000 11288.611717851376
243000 9133.844453423611
244000 11079.964819521443
245000 10517.753722365243
246000 12495.841397022527
247000 12342.68149252755
248000 12526.176378635275
249000 12633.574854398432
250000 12500.54799021222
251000 12254.848141659884
252000 11717.767791687462
253000 12536.538058592128
254000 12032.781621741615
255000 12540.83169558755
256000 12783.47146031471
257000 11948.947236403004
258000 12646.237775536876
259000 12549.438557332367
260000 12481.40679926215
261000 12529.39544737882
262000 12300.600962664965
263000 12903.770677755685
264000 12727.892572756578
265000 10985.009516114998
266000 12625.718237334588
267000 12654.551431105385
268000 11716.054638277486
269000 12518.277810467429
270000 12659.20588674468
271000 10941.125716307542
272000 12632.393349222444
273000 12586.132961188072
274000 12958.141792782291
275000 12444.5111871898
276000 11820.71388686386
277000 12561.297901567517
278000 12658.522696579075
279000 12770.486958055615
280000 6772.555509287284
281000 11295.430950598247
282000 10529.0687942912
283000 12870.958161213695
284000 11914.276575621941
285000 12729.521150710185
286000 12526.762531818458
287000 12836.53864204287
288000 12757.136781541
289000 12034.658539249811
290000 12717.180740151081
291000 12738.690765055857
292000 12369.553572785298
293000 11534.541776304493
294000 8102.14094590247
295000 12657.82657619019
296000 12430.97643088034
297000 11885.681187598198
298000 11751.000714277956
299000 12645.171610099225
300000 12854.655463812653
301000 11624.551187243695
302000 12458.047040153895
303000 12612.349023168801
304000 12770.308674519976
305000 12872.749255825789
306000 12837.068786474576
307000 11179.52826613808
308000 12747.331169578938
309000 12642.945422668976
310000 12592.316655500257
311000 12758.028073803425
312000 11966.622973356294
313000 11958.319380549901
314000 11232.744615304293
315000 12649.2096690767
316000 9359.503973856361
317000 12707.282304507302
318000 12632.168398186526
319000 12736.266553907517
320000 12716.316407089329
321000 12304.663686556836
322000 10389.43477795212
323000 12773.174320742017
324000 12726.21431984678
325000 12308.949115512889
326000 11897.9972237632
327000 9837.381463647256
328000 8923.051609822985
329000 10770.797462947348
330000 8344.298002382315
331000 12792.028118637749
332000 12220.870130033847
333000 6069.125822477523
334000 12616.461509774646
335000 12998.139275049341
336000 11493.256319834512
337000 8587.763751543036
338000 8787.94909533583
339000 6828.31219830989
340000 11522.278740093252
341000 8308.422786912712
342000 12222.213215096015
343000 12659.891312380194
344000 11439.283063156401
345000 12794.486930871577
346000 12757.437125888322
347000 7511.52054797363
348000 12931.95788485519
349000 11440.482071202588
350000 11293.08068526874
351000 12605.794713358639
352000 12910.086025338032
353000 12752.756937712851
354000 12700.736108580168
355000 12947.498607557693
356000 13084.213300085314
357000 12891.365792719673
358000 12701.930979026498
359000 12635.22322060178
360000 12597.709955948469
361000 12813.140804524337
362000 12873.569029106773
363000 12152.78727635453
364000 12579.451882744794
365000 12906.288550299434
366000 12852.13828890149
367000 13095.440826067246
368000 13052.614393451782
369000 12889.940122089074
370000 12597.973025693713
371000 11997.581794700294
372000 12775.633939237761
373000 13005.102972718505
374000 13028.910953015456
375000 12865.30193251288
376000 12787.02261900893
377000 12445.858487198424
378000 12917.899470445082
379000 12812.205807722528
380000 12384.793499478033
381000 11884.199700600591
382000 12865.459904843929
383000 12836.341433489437
384000 11956.487948938226
385000 12780.509655774798
386000 12745.417958679682
387000 12609.20450783682
388000 13004.768524591449
389000 12828.827406066815
390000 11909.97589516925
391000 12015.986084824275
392000 11868.48081715107
393000 12989.023159752061
394000 12955.544048718633
395000 12967.707465842304
396000 12868.056222336618
397000 13138.529031991051
398000 4209.544270907957
399000 11483.495183659445
400000 11493.344702288821
401000 11236.05300522222
402000 12995.29104563214
403000 13045.202982273277
404000 13016.728095656448
405000 12544.906547635404
