5001 -0.6409963647577094
6000 918.9107936352615
7000 1589.1703336322685
8000 2389.8743098608275
9000 2735.935084903154
10000 3698.502104629716
11000 3645.1123861090623
12000 3910.3209955307075
13000 5565.614092504985
14000 3556.56361362169
15000 5638.2839986147055
16000 2390.9728370058024
17000 6452.819753762357
18000 6528.205709324563
19000 6303.021201605204
20000 4980.860528671538
21000 5042.02488292599
22000 6108.50850554215
23000 7057.611680274744
24000 6218.405275546092
25000 6296.388740675382
26000 6954.456668106226
27000 6838.389510076115
28000 7185.442210541526
29000 7069.473986152775
30000 7371.543429437399
31000 7432.547103409772
32000 7809.017212890394
33000 7436.270780413239
34000 6704.37316199361
35000 7377.11508835799
36000 7441.600132209113
37000 7720.8368279866745
38000 8032.3288546674685
39000 7861.366209384963
40000 8014.22254916061
41000 8097.6771655506745
42000 8092.838461270241
43000 7892.290362848148
44000 8100.700602478067
45000 8138.896842782924
46000 8261.796266089852
47000 8287.69773823152
48000 8093.175088968705
49000 8201.283889868097
50000 8467.94586052128
51000 8356.804859716196
52000 8345.345803066335
53000 8159.8191706241705
54000 8419.162380879832
55000 8591.298163198579
56000 8469.57871508602
57000 8605.845589158409
58000 8498.440266009038
59000 8666.652295517904
60000 8576.76067332772
61000 8802.443518213262
62000 8748.603748545389
63000 8718.97892913843
64000 8783.19546250136
65000 8689.546094558904
66000 8753.309676679726
67000 8797.72101332448
68000 8747.720637463792
69000 8117.961081848358
70000 8926.925643585482
71000 8983.914480003601
72000 8702.536136994411
73000 8663.044589218345
74000 9268.49543198598
75000 8879.235956329165
76000 9015.64023918907
77000 9175.073545019266
78000 9330.356033274611
79000 9170.766784498612
80000 9331.103272387332
81000 9334.921972713937
82000 9253.376656977267
83000 9465.906823329682
84000 9481.046895880438
85000 9220.353303668873
86000 9490.688617055344
87000 9508.086580010728
88000 9548.486986514548
89000 9399.689807106157
90000 9234.423661054323
91000 9077.472041540435
92000 9739.699104948242
93000 9771.222793347162
94000 9762.154409618977
95000 9876.234952714995
96000 9825.563488390777
97000 9703.481377056964
98000 9707.761205895964
99000 9170.15028932371
100000 9724.727905279411
101000 9947.123849223168
102000 9715.125736738879
103000 9724.066316723205
104000 9714.995063008311
105000 9862.16643740661
106000 10019.898059182142
107000 10054.003473242152
108000 9967.754749854308
109000 9903.149842724839
110000 10201.046435734064
111000 9761.084173710347
112000 10205.44500414516
113000 9979.370561515363
114000 10312.538766232876
115000 9619.139822793959
116000 10227.940685151352
117000 10225.575585386941
118000 10356.543559565784
119000 10356.71750731605
120000 10217.598191218849
121000 10472.11322797273
122000 10366.540652662097
123000 9596.733770959901
124000 10526.44446439941
125000 9938.563744537918
126000 10505.224804896001
127000 9903.30578847602
128000 10531.399166203877
129000 10692.568154860823
130000 8766.57323981243
131000 10566.251021252345
132000 10624.255937739392
133000 10864.788491745143
134000 9865.215310548654
135000 9972.358869531055
136000 10077.61755344947
137000 10721.146779662198
138000 10390.64980076731
139000 10532.289596925748
140000 10928.346065065405
141000 10939.660772800937
142000 10892.757847662851
143000 11244.116988544502
144000 11112.707861495588
145000 11043.60392183534
146000 10993.69400448068
147000 10938.672827599294
148000 9848.993846141411
149000 11040.974112853984
150000 10981.003233324765
151000 10943.577009209355
152000 10972.056803767115
153000 11207.109054562283
154000 10839.697255880765
155000 11256.719331962859
156000 10811.113053418416
157000 9860.805974751154
158000 11290.104680322782
159000 11408.542646567941
160000 10263.471882350736
161000 11306.191400908549
162000 10236.051883457989
163000 10822.428916305451
164000 10644.18636658462
165000 11449.641716993176
166000 11234.554013960327
167000 9909.535774919019
168000 11280.476568349895
169000 11216.50622064086
170000 10311.654566672898
171000 11067.501664620908
172000 11103.697611642168
173000 11192.334554833496
174000 11468.52907260654
175000 11429.373751058592
176000 11413.082587216868
177000 11024.252737297598
178000 11419.548049249557
179000 11721.238136386131
180000 11317.18109902277
181000 11260.7524991178
182000 10006.363685575674
183000 11199.456487123418
184000 11113.186962718642
185000 11026.25359471415
186000 11667.46647477023
187000 11840.982470378463
188000 11685.157673147281
189000 11386.830771792362
190000 11690.148974455144
191000 11699.486414595496
192000 11671.337333358648
193000 11650.63808733752
194000 11588.560499229465
195000 11824.96951906274
196000 11752.035572814877
197000 11625.057964333979
198000 11840.486063952834
199000 11560.42946691644
200000 11628.618618110097
201000 11575.482818441185
202000 11653.15864749497
203000 11717.634710129936
204000 11753.050842658806
205000 11903.80970110765
206000 11776.906265726751
207000 12018.307542566754
208000 11858.72652999296
209000 11738.567819294223
210000 11819.813475061152
211000 11895.978966644263
212000 11772.109337875498
213000 10726.816796846126
214000 11916.548360927298
215000 11749.120193674482
216000 11675.534359323394
217000 11619.99703026249
218000 11690.557804406228
219000 10982.887755602893
220000 10888.026685551295
221000 11741.539906680478
222000 10608.019639604328
223000 12155.085063242508
224000 11592.512819790321
225000 12105.39994465448
226000 11202.086412224191
227000 11557.056622433754
228000 11881.8549150215
229000 12007.016713985475
230000 12186.804350439425
231000 11963.043230695512
232000 11923.771347520382
233000 11435.905882612258
234000 12064.894859310542
235000 11361.507376367563
236000 12493.28464973013
237000 12200.483649819143
238000 12066.594746254685
239000 11437.51894090934
240000 12176.198133499414
241000 11639.075864628276
242000 11374.173351891313
243000 12175.67121288061
244000 11452.960626617176
245000 7489.706094091447
246000 12086.205675249812
247000 12094.081160174455
248000 12523.057913738287
249000 12288.78047028112
250000 12480.882307361695
251000 11945.213186833136
252000 12220.97949992214
253000 12438.992478828644
254000 12368.439625996994
255000 12525.213943149753
256000 12268.34625427752
257000 12150.649516851267
258000 12217.695125060916
259000 11342.4354380304
260000 12197.362488911165
261000 11595.672222237583
262000 12284.037776818297
263000 12516.321131640263
264000 12472.858801868235
265000 12356.00381557574
266000 11274.266426068792
267000 11554.185943223085
268000 12510.846865884549
269000 12550.85460954317
270000 11493.012240493426
271000 9673.958327364162
272000 12351.20497750737
273000 13394.177280682206
274000 12877.436502287688
275000 10914.810242491181
276000 12627.388949215287
277000 12369.770230633405
278000 11358.495698907805
279000 12601.42717255116
280000 12500.206577832427
281000 12539.976883691259
282000 12646.446350313407
283000 12069.743899302019
284000 12627.411446866907
285000 13353.242450634672
286000 11899.753932819924
287000 12174.629630872321
288000 13087.097300791764
289000 12829.718163522555
290000 12568.804409486682
291000 12595.566163381938
292000 12761.767898618691
293000 11279.855108286381
294000 12988.460915764033
295000 12955.724029617226
296000 12487.421463054356
297000 13212.700202763812
298000 12896.784694323187
299000 12996.24996969778
300000 11999.678140970016
301000 13948.438032456563
302000 12237.98721502538
303000 13576.910298297991
304000 13074.144384161504
305000 12466.687728291805
306000 12812.428752622207
307000 12988.7491498522
308000 12290.131380224228
309000 12768.660804991681
310000 13005.86040891881
311000 11497.505397455689
312000 13160.795212007793
313000 12149.661083365358
314000 12854.481967880993
315000 13084.039836217835
316000 13137.594144445442
317000 13315.74738039527
318000 12784.41188579096
319000 12750.67864944146
320000 12096.62906242285
321000 13284.13924051912
322000 12937.091621089543
323000 12551.474085256146
324000 12869.294258223106
325000 12640.689346739335
326000 13293.459110802156
327000 13056.199879501679
328000 12904.109931687555
329000 13759.085796035195
330000 13009.859664026717
331000 12121.76883882691
332000 14205.387490093413
333000 9727.8483664864
334000 13194.802621420426
335000 11433.50831173489
336000 13259.223735051206
337000 12990.484314433623
338000 13561.602946172154
339000 14398.979702316376
340000 12944.13899860276
341000 13454.95882726886
342000 12497.307219903889
343000 10391.490410200218
344000 11400.87721561751
345000 12943.135217839232
346000 9877.506434362664
347000 13321.937811171121
348000 13329.157554433503
349000 13258.675950540512
350000 12944.99603906912
351000 13399.759408545407
352000 13265.170561856425
353000 13282.41355282646
354000 13039.054790655113
355000 13623.235929195682
356000 13211.674255937667
357000 12356.97446868642
358000 8047.214314698783
359000 13400.83144232185
360000 10803.870313901763
361000 13348.594567126467
362000 13410.695342528405
363000 12995.130161954181
364000 11391.198605318128
365000 13550.396066823354
366000 13436.910868070972
367000 13364.052715191914
368000 13602.557963362526
369000 13309.949778722133
370000 13535.4910871239
371000 12684.247225491952
372000 13681.299039600755
373000 13485.004635966616
374000 13489.02167571316
375000 13596.189338403308
376000 12571.897584385364
377000 13711.96608373111
378000 13723.412274465834
379000 13842.07294872175
380000 14067.045502851359
381000 14056.264813702082
382000 13565.727349700548
383000 13663.228809410695
384000 13649.898720719435
385000 13156.983299336822
386000 12510.796848717735
387000 13513.420250370302
388000 13646.525624514848
389000 13726.843383746454
390000 13545.535744051134
391000 13529.417518827588
392000 13681.579364234072
393000 13815.891125570404
394000 12789.310321839093
395000 13398.01097734918
396000 12391.737602369394
397000 13301.852686131451
398000 14001.006693753408
399000 13959.037311563356
400000 8055.010220570951
401000 13631.73602321904
402000 13668.981518337716
403000 13651.899954670133
404000 13571.017624067248
405000 14088.662164329799
