5001 -1.6475811655734813
6000 337.0245237068335
7000 1394.859101351468
8000 1617.815845435867
9000 2091.674638783308
10000 2834.5016445411366
11000 3073.226159913695
12000 3874.975220393457
13000 3884.10753976494
14000 4658.132726623428
15000 5051.521187293809
16000 4432.3221067014965
17000 5087.411165973914
18000 5442.552540737796
19000 5798.706354721669
20000 5898.327062263209
21000 6230.546892377484
22000 5497.327205953316
23000 6155.680095954119
24000 6634.356524767436
25000 6663.131878367164
26000 7387.74192048588
27000 7348.042424461941
28000 7701.3081470202915
29000 7459.91911365655
30000 7753.789154958766
31000 7925.290916747143
32000 8312.689781344989
33000 8273.826313450092
34000 8046.824345855147
35000 8701.06674503684
36000 8382.491895166677
37000 8522.318668691802
38000 7122.765688605677
39000 8932.29521985068
40000 8301.566445013426
41000 9219.443802715312
42000 8180.78778555873
43000 9123.65655504878
44000 9138.523767038385
45000 8730.69653773831
46000 9521.679571878665
47000 8847.68869332799
48000 9251.249003335875
49000 9419.803119161483
50000 8281.27845739873
51000 9495.247646252003
52000 9384.522508510134
53000 9583.675978103236
54000 9507.951996676758
55000 9273.877928675012
56000 9064.262913961875
57000 9928.15521772979
58000 9887.5583197571
59000 9962.84004585177
60000 9993.446222132985
61000 10081.952801151154
62000 10177.17815466783
63000 10253.142578926787
64000 10177.81600734931
65000 10026.611083012413
66000 10290.447730733744
67000 10307.815458028974
68000 10267.137295099568
69000 10104.893715334461
70000 10404.713592204891
71000 10456.006944892059
72000 10691.094973220916
73000 10464.964043197255
74000 9619.066554047977
75000 10698.916587034526
76000 10404.87010052597
77000 10157.956559084229
78000 10388.047166870743
79000 9969.476770173806
80000 10736.734942468207
81000 10194.901949338233
82000 10173.674915334655
83000 10911.172056009531
84000 10858.858940098286
85000 10914.200940026447
86000 10201.891322439085
87000 10127.647615194841
88000 10670.603082024429
89000 10375.140961429888
90000 10687.50050844259
91000 10220.653691351567
92000 10039.34974747696
93000 11062.062114872755
94000 10943.513171194663
95000 10077.195434922518
96000 10494.010207553312
97000 9640.353482408276
98000 9370.500732172251
99000 11160.465047722773
100000 9727.859198744816
101000 11020.113651355281
102000 8952.77531498228
103000 11121.982277920813
104000 10677.679675745465
105000 10609.63870607041
106000 10994.742418820297
107000 10858.559799945002
108000 11176.551662211936
109000 11486.726972500253
110000 11323.023809711249
111000 11481.00736522341
112000 11525.636311638786
113000 11195.134016308897
114000 10785.47647643257
115000 11379.798474614105
116000 9628.848498894362
117000 11435.598189861044
118000 10818.60948915215
119000 10493.931076181701
120000 10934.835682914574
121000 10462.447105826954
122000 11273.558319591668
123000 8712.512740500597
124000 11731.082597985984
125000 11358.471970961395
126000 11139.980561388049
127000 10640.930086806318
128000 11006.156857038182
129000 9797.83027324112
130000 9250.696871545299
131000 11337.698851554273
132000 10350.391926090091
133000 11419.654862892543
134000 11001.124461593015
135000 11650.500598115841
136000 11549.898572702417
137000 11514.484619050354
138000 10663.367564292415
139000 10954.177927332223
140000 11832.264789680921
141000 9372.842206236497
142000 11743.242667112074
143000 11774.497622348486
144000 10412.865958131615
145000 11313.637626523816
146000 11466.345970415065
147000 10824.348706607761
148000 11546.573278990374
149000 10830.719238896021
150000 11223.541669766368
151000 10107.928482793006
152000 10374.72376337239
153000 11566.688343043277
154000 9003.62590623944
155000 11754.553615548219
156000 11227.252417929772
157000 10303.986857517706
158000 10419.795575341932
159000 10765.584072313934
160000 9765.19810507567
161000 11459.418419590025
162000 11847.080587500503
163000 11482.53765294686
164000 11042.170174611794
165000 11745.113823379144
166000 11969.092563923601
167000 11658.043030806914
168000 11724.226629416253
169000 11712.785013908197
170000 10970.16367744042
171000 11093.20710408594
172000 11872.749661737875
173000 11989.314938927655
174000 10307.500571444229
175000 12014.80269398862
176000 12128.039204593078
177000 11857.304446143065
178000 11443.097740395162
179000 11982.221136617027
180000 11187.914014302958
181000 12110.28966790038
182000 11511.222233314953
183000 11833.772120459842
184000 10920.887859384118
185000 12129.19207377923
186000 9110.730712508117
187000 11312.07067346654
188000 11357.603652174455
189000 10810.87834942901
190000 11190.139109852451
191000 11845.550052166178
192000 11891.896961504921
193000 11534.889255990434
194000 12131.098745987878
195000 11826.839475808853
196000 11543.816054343077
197000 11981.961388523963
198000 11848.408176548337
199000 12119.832933919166
200000 10799.19616840102
201000 11605.352549786732
202000 10327.37331174937
203000 10948.434488705865
204000 11893.565261853786
205000 10681.380554983485
206000 12072.785698490074
207000 12345.225810722777
208000 10784.551447623591
209000 12115.131145526426
210000 10808.662348551185
211000 8573.227703230345
212000 11687.476362130921
213000 10888.2791167392
214000 11929.902356302886
215000 10330.494216880117
216000 11687.435654177247
217000 11043.69566822087
218000 11681.159282125864
219000 11217.608615584022
220000 11207.538430995979
221000 11440.642914326028
222000 11455.58031439985
223000 10429.656952560725
224000 12066.991316032003
225000 12323.401650840098
226000 11611.727466662947
227000 11805.145695256157
228000 12027.264992749286
229000 12343.55021735943
230000 10767.905273145609
231000 11855.283030045981
232000 11275.975925690225
233000 12263.640035648694
234000 11607.714500099264
235000 11890.628861614914
236000 8808.700948015226
237000 12082.169349155429
238000 12221.01141458208
239000 12267.293726376945
240000 10811.78699225489
241000 12135.571828832277
242000 12142.170966577953
243000 12071.624004909358
244000 11606.903705690784
245000 12238.215852900175
246000 11962.245570648094
247000 10764.036960449175
248000 12380.83179434181
249000 12034.040686742048
250000 9523.963919689164
251000 11496.712152286584
252000 12099.562699921693
253000 10905.928995619404
254000 11063.93694793013
255000 11096.034484046704
256000 10238.161545014973
257000 11717.978665644569
258000 9962.386916560701
259000 10795.865007893792
260000 11782.701005102035
261000 12187.370705821388
262000 12040.102448334517
263000 12005.73495192301
264000 12177.16458513162
265000 12469.278532422328
266000 11907.206717941477
267000 11129.974181187918
268000 12228.949315523607
269000 11984.885192741767
270000 11574.723863306039
271000 11951.588398614582
272000 12044.35686202086
273000 12242.372285967609
274000 12350.017719435291
275000 12114.075893133691
276000 12276.833066693765
277000 12225.635055461942
278000 12123.538150923563
279000 12060.83823776573
280000 12127.563676702446
281000 12261.45763767142
282000 11893.634178775565
283000 11794.521343095259
284000 12191.292803123346
285000 12089.31371136205
286000 12143.001989255368
287000 12176.229524486445
288000 9994.872670545064
289000 12342.207488816786
290000 12271.182090594746
291000 11430.47002475867
292000 12121.105940965712
293000 12429.27089641977
294000 11474.197601305268
295000 11616.023142651205
296000 11635.23069552331
297000 10990.758931468079
298000 12372.624868309153
299000 12105.28539004075
300000 12208.034307764265
301000 12231.263612827137
302000 12287.873870959385
303000 12267.93166901353
304000 11180.84974889369
305000 12364.66282008137
306000 12411.781551625374
307000 10259.469104075053
308000 12584.994374785258
309000 11931.198478104567
310000 6856.540033123232
311000 11710.648090233366
312000 12242.254175119935
313000 12112.550528718175
314000 12310.420187271107
315000 12412.778616662548
316000 12297.255694243046
317000 12338.576155170393
318000 11702.647245726654
319000 11671.840600771822
320000 12472.211619827329
321000 12154.000478797205
322000 12307.855925360362
323000 10368.37263671835
324000 11822.313136875946
325000 11046.633825061373
326000 11720.594712005095
327000 11794.48080319238
328000 12130.513733051383
329000 11501.48120441018
330000 12359.52828092989
331000 11670.431607246897
332000 12384.048223081114
333000 12103.336056553757
334000 12274.80234324599
335000 11284.878459858091
336000 12122.780812929723
337000 12491.631328670668
338000 12187.878420197841
339000 11178.71357142476
340000 12504.398824905089
341000 12423.889389084334
342000 11748.52831457219
343000 9630.344588057982
344000 12327.023314792987
345000 12344.127353223419
346000 12590.297214393311
347000 10804.780431952411
348000 12315.190811369874
349000 10700.958883199588
350000 12281.667523844424
351000 11172.255581043015
352000 12410.291722101852
353000 12360.972692352436
354000 11710.708502335969
355000 12005.770815307704
356000 12466.428831841868
357000 8746.534280398808
358000 11950.86419965284
359000 11428.078421574686
360000 12745.261258302082
361000 8648.748457505888
362000 11143.836789445279
363000 12497.276354101463
364000 11531.056059490456
365000 12581.006689596994
366000 12379.63653912314
367000 12536.643374260626
368000 11902.312103041422
369000 12367.4056863955
370000 10287.77877050362
371000 12752.781783858494
372000 12489.830160861451
373000 11806.287098456578
374000 12731.497407737414
375000 12507.16827436961
376000 12638.93515116989
377000 12394.533829011174
378000 12490.988263379873
379000 12597.652367401928
380000 12226.016515709704
381000 12341.213472352809
382000 12581.987984155578
383000 12539.547951361525
384000 12704.058250746475
385000 11286.956547886382
386000 12625.69333138057
387000 12627.203092710084
388000 12727.305327476935
389000 11918.64993781
390000 12733.382281783644
391000 11283.165235285283
392000 11952.653634393264
393000 12660.204661941381
394000 12327.431520524524
395000 12404.857022881642
396000 12581.39413738492
397000 12566.571519687019
398000 12714.800172344416
399000 12560.623862494056
400000 12722.052602529799
401000 12672.859231394952
402000 12480.894024891544
403000 12671.59106247196
404000 12192.064651398665
405000 12264.241883562336
