5001 -1.7623587085131842
5001 -1.7623587085131842
6000 -309.6917211817852
7000 25.425540180232183
8000 1535.9414018782486
9000 2271.4528135273167
10000 2405.6406917656323
11000 2343.1833983228858
12000 1910.5752847758959
13000 3410.011963035858
14000 4237.0398794945595
15000 4433.071552483516
16000 4684.205542143778
17000 4898.731457637722
18000 5505.784364937562
19000 5573.396443346237
20000 5885.103885988718
21000 5903.132851691577
22000 3924.252287444204
23000 6422.789073222449
24000 6933.170637759945
25000 6870.141055517299
26000 6733.534609261248
27000 7517.8980348068335
28000 7291.421708314349
29000 7480.14921747132
30000 7698.8593073701395
31000 7888.584081022952
32000 7371.86319342982
33000 7813.817523330203
34000 7996.643777782748
35000 8486.378939861326
36000 8289.986022465046
37000 8758.979274234767
38000 8783.700942518326
39000 9094.322019009747
40000 8992.325046355456
41000 8689.791097574733
42000 9172.336680874656
43000 9317.211381232526
44000 9490.101188118497
45000 9324.255113860156
46000 8088.351063440679
47000 8250.342445691285
48000 9641.89040666678
49000 9767.308878340948
50000 9810.021453838288
51000 10043.059712346681
52000 9676.607423925954
53000 9834.346811963194
54000 10089.094517465386
55000 9941.560758554064
56000 8573.780580531089
57000 10499.128168275438
58000 8830.554740861397
59000 9810.077109590216
60000 10035.80107206589
61000 10583.083582921601
62000 10097.340997993795
63000 10309.43606648741
64000 9366.888039001748
65000 9374.404633868728
66000 10517.964789878633
67000 10882.833158748575
68000 10188.870237108325
69000 10260.52702016802
70000 9585.487813442112
71000 10569.162372478528
72000 10143.950999185865
73000 10852.341250636524
74000 9166.158643113795
75000 10384.046153699874
76000 9884.147735102504
77000 10761.549113647572
78000 10811.118342649605
79000 10758.017897165528
80000 10823.892099916966
81000 10996.217310645116
82000 10910.297096581646
83000 10646.059054237921
84000 10953.622796151767
85000 10372.019379805593
86000 10818.298222566575
87000 10529.958335084262
88000 11035.373672889375
89000 11195.134900896199
90000 10145.270774789005
91000 10196.747371532949
92000 9269.422405822175
93000 11052.505825265765
94000 11257.534215414767
95000 11124.51337484962
96000 10721.649737329091
97000 11165.383536998936
98000 10642.659653350172
99000 10984.792608908696
100000 11458.464281917992
101000 11162.317388800493
102000 11030.200135733216
103000 10425.966560841758
104000 10926.435535833516
105000 11318.704085562764
106000 10909.081838562948
107000 10863.706573310108
108000 11124.003776556263
109000 10989.421281209317
110000 11060.4170520308
111000 10979.265823404514
112000 10455.084761004393
113000 10435.057628064955
114000 11258.270564635663
115000 10713.59988503166
116000 11189.107354439579
117000 11284.502191281206
118000 11325.11664799613
119000 10340.183435934672
120000 10807.36693935044
121000 10720.49730067977
122000 11335.95485502031
123000 10195.9503276424
124000 11083.768671114016
125000 10978.193333243958
126000 9128.065006624176
127000 11338.638678218647
128000 10935.3640308153
129000 10628.084035952477
130000 11129.97689664059
131000 11316.170666546423
132000 10361.577151949521
133000 11041.233297430459
134000 10089.841787844773
135000 10990.292549119418
136000 11328.285021261507
137000 10835.160775276148
138000 11181.867971356967
139000 11567.967407370816
140000 11259.131687034343
141000 11208.017369461844
142000 11346.605240090754
143000 11208.230888819591
144000 11205.733870148328
145000 11282.828637787581
146000 11326.26462367555
147000 11495.288226068566
148000 11393.28290503879
149000 11109.664821829228
150000 11401.967253998582
151000 10594.296565589795
152000 11203.73241048935
153000 11097.482892558779
154000 11368.976028049507
155000 11335.08175353391
156000 11266.909802862992
157000 10878.188741350246
158000 11379.016759690536
159000 11492.55054153844
160000 11419.760479339495
161000 11578.796215396258
162000 11227.95585996142
163000 11425.637418364317
164000 11614.685226551595
165000 10852.19518859663
166000 10079.39216761394
167000 11329.357054168275
168000 11324.064465655794
169000 11458.569423429357
170000 11431.093131414218
171000 11475.30047038739
172000 11180.701598984053
173000 11416.92253298644
174000 11408.191511847577
175000 11481.151152772407
176000 10539.136327044569
177000 11499.68353237629
178000 10763.70210867286
179000 11294.779650068685
180000 11167.342525489088
181000 9985.841471831558
182000 11488.412553245567
183000 11549.310072062535
184000 11560.719818464317
185000 11625.24463246842
186000 11321.51823998063
187000 11530.727810294753
188000 11656.82530487036
189000 11619.188434800466
190000 10810.518966004514
191000 11493.547213751957
192000 10967.772336808022
193000 11390.957207404603
194000 11388.776944486048
195000 11461.222231396583
196000 11560.548408403387
197000 11819.349493412712
198000 11478.325965165946
199000 11573.213209217272
200000 11548.348108392722
201000 11204.310730743102
202000 10161.71451462217
203000 11662.629414470597
204000 11562.127997545735
205000 11454.252795734923
206000 11254.35032130354
207000 11400.886647684467
208000 11489.137278509239
209000 11551.995268541297
210000 11600.87612015181
211000 11262.08837516484
212000 11571.87732579649
213000 10852.473758919677
214000 11556.240455982737
215000 11722.069997142233
216000 11296.72015914818
217000 10883.000634998092
218000 11339.968315041762
219000 9417.196575584605
220000 11204.583177299513
221000 11600.60327074293
222000 10569.134476004514
223000 11541.454923825153
224000 11549.790265283871
225000 11061.422477012637
226000 11206.693835003405
227000 10698.212485426413
228000 11385.215297331968
229000 11088.135291627239
230000 11560.835029688238
231000 11431.958756547983
232000 10941.23483763169
233000 11701.844411478824
234000 11397.03879103592
235000 11808.5934700804
236000 11671.79366834424
237000 11543.131263835881
238000 11199.139596755085
239000 11672.489169186028
240000 11923.589513998373
241000 9406.778602019449
242000 11805.391656524018
243000 11175.896880276432
244000 11789.312705881184
245000 11710.808334785423
246000 11730.114887208343
247000 11809.390363720193
248000 9538.701395357135
249000 11297.55020609676
250000 11718.1332195094
251000 10383.97152712969
252000 11571.53279690683
253000 11815.75011908475
254000 11901.107079959798
255000 10792.993417895723
256000 11522.53738062918
257000 11604.096260552655
258000 11764.254106208638
259000 11992.195766359084
260000 11391.329756283289
261000 11683.4553894233
262000 11720.796670502488
263000 11672.243821531118
264000 11823.767997883848
265000 11891.311236870935
266000 11369.380251639228
267000 12016.899313375081
268000 9670.142284272468
269000 12002.793877297561
270000 11697.48254417141
271000 11902.269345217866
272000 11512.126145560374
273000 10791.73474276609
274000 12371.302788110117
275000 12104.59274293057
276000 11904.307626607635
277000 12104.041127656934
278000 12228.79152965197
279000 12344.530781170402
280000 11763.36955150029
281000 11856.769258737146
282000 11785.709595751057
283000 12118.937050912014
284000 11513.502370544604
285000 11115.571415912402
286000 12218.506533064201
287000 11887.969800807852
288000 11007.986715914734
289000 12099.600251609834
290000 12140.619320679492
291000 12101.345416672264
292000 12119.948460136195
293000 12274.768890595538
294000 11831.999366715132
295000 12162.229955393637
296000 11765.856167125048
297000 11919.952540315468
298000 11776.020319567911
299000 11945.78425440071
300000 12146.999892008815
301000 11918.472638416439
302000 11990.58270900232
303000 11731.094873913087
304000 11344.402374727619
305000 12364.293150341055
306000 11701.554718808418
307000 12431.332001497463
308000 12464.236874030994
309000 12246.69320740629
310000 12030.881664761295
311000 11746.811361399708
312000 12570.801797554377
313000 12433.091280851066
314000 12499.317717855825
315000 12684.231558514895
316000 12046.587642431543
317000 12416.201023504702
318000 12681.956542026386
319000 12508.504659034577
320000 12395.750884975398
321000 12473.971932032171
322000 12145.24044459256
323000 12407.16710812532
324000 12353.049678371175
325000 7893.980466392191
326000 12611.774430539188
327000 12220.09176082235
328000 12538.45111510804
329000 12317.332203985472
330000 12550.106466545392
331000 12283.050060365273
332000 11875.25331450227
333000 12711.1337102453
334000 12443.170757602142
335000 10069.046639831686
336000 12410.35457143571
337000 12355.758243860631
338000 12520.168855450554
339000 12601.727465141239
340000 12543.830783951995
341000 12376.14595260643
342000 12326.55126284117
343000 12269.231080005799
344000 12679.796277860225
345000 12135.450724187593
346000 12858.190818732344
347000 12980.189966222446
348000 12935.897345470283
349000 12711.923829881585
350000 12589.402888060742
351000 13040.144018240233
352000 12970.095251687035
353000 13128.228682696834
354000 12552.89525832833
355000 12662.731763556749
356000 12968.228119768643
357000 12568.595677002284
358000 12355.316171435788
359000 12724.705519110339
360000 13216.746091513185
361000 12872.363310789477
362000 12368.694089408225
363000 12785.931456720253
364000 12903.014155284502
365000 12931.560508181228
366000 12641.678565905782
367000 12781.209486520218
368000 13028.23369224994
369000 12823.329389058965
370000 12745.53315579427
371000 12287.759670272197
372000 12755.12838150355
373000 12411.182603802248
374000 12961.924890384795
375000 12375.558181302244
376000 12707.147406043165
377000 12841.076853448667
378000 12368.68623885593
379000 12570.272669555996
380000 12671.860989923693
381000 12735.254340734373
382000 11285.384051653778
383000 12828.477588273587
384000 13333.619538868259
385000 12873.27896298095
386000 12811.744868725418
387000 12867.285412217589
388000 12937.633121208419
389000 13441.73327837457
390000 12660.261493221478
391000 12403.387641582302
392000 12977.514987560688
393000 12957.323824422398
394000 13042.316801509103
395000 12885.41020652968
396000 12162.243485463066
397000 12730.69440249021
398000 12708.005047705945
399000 13156.024116775972
400000 12680.486695687632
401000 12177.536520782547
402000 12741.848354631187
403000 12647.585458326283
404000 12602.242709631133
405000 12906.12371957591
