2000 29.155623526682955
3000 60.4002307429354
4000 40.538220707029986
5000 82.56643353081772
6000 202.59404611737756
7000 235.2177804792619
8000 241.10455101839088
9000 250.02727559467394
10000 269.0981302041682
11000 257.15565491975497
12000 209.87983755462975
13000 309.4273747029106
14000 304.54098778045636
15000 273.99756688569187
16000 276.5010652174045
17000 238.9166388412728
18000 272.6581707828128
19000 291.58866013111685
20000 332.32497672510084
21000 339.90319093092035
22000 333.3819018535424
23000 329.35609943025247
24000 306.1545307519651
25000 199.22259793126017
26000 310.7652017373235
27000 321.9464331931603
28000 294.6508475383818
29000 313.76207125545716
30000 302.1267436246628
31000 351.46991634044764
32000 344.91233930161553
33000 310.9785960124649
34000 333.9100237778963
35000 340.71346229654716
36000 357.4470965616144
37000 366.8642937861507
38000 387.6017459776324
39000 379.1101761582651
40000 370.2905698148269
41000 349.43025050461523
42000 354.93708381150276
43000 367.04471457873433
44000 368.11511520431617
45000 396.7272568173322
46000 332.2850441202737
47000 394.6606771434716
48000 515.5104312385856
49000 540.274997695781
50000 537.769929458136
51000 522.4276100318402
52000 469.0958641785566
53000 382.0072040900115
54000 551.3145810305472
55000 371.6599382689533
56000 391.0697858373495
57000 360.88504184253753
58000 438.0529275337535
59000 527.027876751813
60000 406.0589879257288
61000 400.91619715579003
62000 429.89197106530946
63000 501.3037758550232
64000 440.61910152732105
65000 486.9357756373721
66000 420.3587833855048
67000 440.3394546261288
68000 544.0947495954274
69000 514.4178697425758
70000 469.06449338528336
71000 384.52906609305745
72000 416.77957792992385
73000 404.86309639384245
74000 522.0276943667426
75000 541.4346049308285
76000 547.1131724562384
77000 525.3061744831961
78000 383.054983341145
79000 489.4102488592196
80000 484.3254590773633
81000 509.1912045612611
82000 563.1505834203253
83000 662.1715229334678
84000 601.8198686850683
85000 555.6505357510932
86000 607.0172764474122
87000 497.92167672640255
88000 538.2686910165975
89000 555.6042270596502
90000 528.8777934991015
91000 580.7673877189739
92000 582.2942648148738
93000 487.35251009500814
94000 567.3776884536337
95000 730.0505055869448
96000 546.1249573520556
97000 674.6489388580263
98000 6.132795410762783
99000 175.02086420872217
100000 10.878186732770459
101000 671.1255051920124
102000 749.5701443739937
103000 895.1503876201459
104000 875.4155305592701
105000 777.6340940998432
106000 639.6836811641948
107000 815.7072519654035
108000 972.6034226065973
109000 1018.3710979997401
110000 833.7041332321812
111000 725.8351951447977
112000 797.8238649497237
113000 1456.445796696739
114000 1350.3355921727286
115000 1165.7675941703167
116000 907.8848641798726
117000 615.9807278853865
118000 1567.2522786383338
119000 796.1757788454815
120000 1406.6315749097612
121000 636.1160246192501
122000 792.0464833194237
123000 805.6020758391253
124000 1077.7980060665782
125000 785.1553134095693
126000 926.8735438836408
127000 774.3881176992837
128000 767.2160231527093
129000 854.3317761367495
130000 840.8641234339362
131000 806.7915396570081
132000 1431.8471129743489
133000 836.6931093886221
134000 821.2088865160488
135000 775.5401671242649
136000 801.8860623019777
137000 822.5482503465743
138000 798.9088023440601
139000 682.8178721105752
140000 856.3031258741033
141000 726.4412263505127
142000 760.4351764840483
143000 940.7900495975994
144000 716.9825339759352
145000 731.4626179388828
146000 616.0817788070806
147000 832.174601374763
148000 890.001096055225
149000 801.8605598480063
150000 830.3471163649114
151000 874.3682330171025
152000 899.8789338815874
153000 964.2642264396763
154000 944.0760349644197
155000 963.9836685891771
156000 1262.987250148682
157000 944.751928472028
158000 1019.7341524378478
159000 1513.5378117860469
160000 1448.5012837674954
161000 2215.5719110093896
162000 1789.37867800874
163000 1157.0561501941852
164000 2424.99565325313
165000 1564.9430216522967
166000 2773.5537277500207
167000 1891.2752264029664
168000 1821.3525949109317
169000 1541.9685852094735
170000 3241.7424124024406
171000 1380.0296192132332
172000 1834.3550012234464
173000 3231.625485188672
174000 2442.6222520655474
175000 1861.6914356550199
176000 2389.9902694525385
177000 2619.243524486545
178000 1693.811961845191
179000 2457.6927003219926
180000 3151.181991148152
181000 1400.322422675598
182000 1008.3707524904428
183000 2831.2747687888223
184000 1492.5957811997596
185000 1892.2381153346917
186000 1608.8211282262803
187000 1536.1862585161452
188000 1038.0273742595932
189000 3374.3201036963655
190000 1448.3505218028056
191000 1354.3131202834813
192000 3178.1885895703613
193000 1625.3816932062605
194000 901.3078012949849
195000 1049.0398510697134
196000 3083.378041003295
197000 3273.991055623389
198000 2961.5289307987755
199000 3242.5052474739896
200000 1672.0870453444156
201000 3282.378266139199
202000 3421.693921551533
203000 3257.400855476456
204000 1232.248981058779
205000 2528.2675795557434
206000 1770.324069973752
207000 3427.3760774543853
208000 3333.8008180470583
209000 2683.6930140860372
210000 3338.497376468178
211000 3330.1868085731307
212000 3418.377382123953
213000 2161.706805482389
214000 2713.019750194687
215000 1500.7686536918159
216000 1096.725124939181
217000 1044.8624335110865
218000 3123.8192487647493
219000 3180.624266539166
220000 3191.754097954142
221000 2875.3363598175893
222000 1251.2175583257488
223000 3003.8207890482818
224000 2458.2428292123336
225000 1257.2025724083492
226000 2523.946119086845
227000 3401.975174084454
228000 3084.461465266654
229000 3345.3031487953085
230000 1906.6708915730148
231000 1042.329108088814
232000 3497.62993216193
233000 3399.946520911745
234000 2933.5176774711717
235000 3522.3444625588554
236000 3329.661627407474
237000 3455.3157738871714
238000 3527.219411283554
239000 3501.519249882904
240000 3182.9369776422245
241000 2470.6249796147554
242000 3022.2656688054894
243000 3456.860601011313
244000 3386.313840724158
245000 3445.5421365520297
246000 2253.3387406057295
247000 3528.0516931926954
248000 3484.7487765689875
249000 3510.5460700962512
250000 1146.0610296134278
251000 2655.381543114975
252000 3529.0324930843462
253000 2567.5355662867432
254000 2817.27935888603
255000 3357.1901364126506
256000 2358.535392199083
257000 3486.6426277284672
258000 1170.1987406477906
259000 3548.594592518378
260000 2072.480348469305
261000 3536.303009365166
262000 3510.6527163832725
263000 1173.9072810169396
264000 1083.396319763638
265000 958.4478979427097
266000 1317.6741682379657
267000 1034.2495762528747
268000 1948.8755673007938
269000 2355.648935054825
270000 1045.1080697996206
271000 3332.549497108742
272000 1128.2734810553536
273000 1083.3339033699194
274000 1054.8113930540756
275000 1026.737326169484
276000 2506.7243706576255
277000 1061.484505435102
278000 1557.2206077391086
279000 1116.3772188235569
280000 3131.3078693437383
281000 1570.5343819860934
282000 3596.5697260006664
283000 2146.6266714034673
284000 937.9107352668045
285000 1048.5609057784773
286000 1584.4221318933305
287000 1194.983151011575
288000 3539.9321999060085
289000 3017.5826134273025
290000 3565.2459144281574
291000 1005.7922426059334
292000 1866.4142154895205
293000 3567.3845454417883
294000 977.1696915806922
295000 3567.3521991409752
296000 946.0494749392453
297000 3108.2807572605125
298000 3041.442849673664
299000 3483.87390056449
300000 1289.6510337821562
301000 976.4041234238557
302000 3534.196778302391
303000 1546.1695317069107
304000 2317.790183528809
305000 3395.930988161575
306000 3434.6552107552357
307000 2611.1294265445817
308000 993.7938841383154
309000 1316.1773037506887
310000 2840.141199412393
311000 1108.166179758349
312000 3523.0392177359695
313000 1575.4785454130456
314000 3548.299181572778
315000 3434.608857321452
316000 1568.356120583976
317000 3540.2648884309615
318000 1010.1250698634858
319000 3511.491324642785
320000 2777.501859812014
321000 3587.0604570210526
322000 2970.6065491038835
323000 3329.398164930484
324000 172.79324632276953
325000 171.9444121516525
326000 1373.2434360289992
327000 2030.4497796101743
328000 2249.2039526685185
329000 3037.274277772788
330000 3554.3310355285967
331000 1024.6932696962417
332000 1608.3507198012871
333000 1822.8660998394448
334000 3518.321368425985
335000 3510.91343874968
336000 3031.8998781640303
337000 3473.5277772125073
338000 3565.5739880239225
339000 3308.6502504691152
340000 3533.865086572242
341000 3306.9103104723918
342000 3293.5717744918984
343000 2390.709083355975
344000 1387.3629263557036
345000 3582.131188630555
346000 3161.195326551532
347000 3324.302502753545
348000 2351.4465665040766
349000 3514.571271350974
350000 3086.5213104228383
351000 3561.0178368402376
352000 1012.3367660126711
353000 3297.8185073459126
354000 1291.9347680354183
355000 3593.483102466898
356000 3607.9153364757767
357000 2367.257472212753
358000 3566.160853804538
359000 1013.5992221314691
360000 3589.668955784641
361000 1056.0282577558135
362000 3564.659932079811
363000 3551.308637324917
364000 3573.2742008803953
365000 3095.786480030023
366000 3384.9915028149903
367000 2201.935398554225
368000 2375.9138150130025
369000 2615.805512654872
370000 3601.863517020143
371000 3564.814334071125
372000 3566.817657765524
373000 2857.78028488699
374000 2864.2315277924326
375000 3622.275341055829
376000 1430.9197111294784
377000 3523.0369630696996
378000 1737.7797932225362
379000 320.5713980060795
380000 2668.2312397109995
381000 2470.2918910326707
382000 1958.5320272509052
383000 3393.3066928019057
384000 1823.1564847158177
385000 3335.188377083904
386000 3600.218619473251
387000 2653.763927043783
388000 2691.440833293833
389000 3580.2986394657137
390000 2835.9011781384374
391000 3480.104907561867
392000 3621.441645053036
393000 3264.781095692667
394000 3492.0839312868147
395000 3628.08057791439
396000 3568.6168539817386
397000 3305.0771519363307
398000 3602.679920463771
399000 3655.9942729982586
400000 3478.8073714239276
