2000 18.486735804089253
3000 60.37231798007129
4000 44.16489393241499
5000 42.23986350373987
6000 176.01184687186233
7000 255.97303760094965
8000 314.6519454326255
9000 293.320720235262
10000 234.27905363736915
11000 314.1703775285289
12000 355.63914038757946
13000 438.8873660257321
14000 210.29401035709384
15000 313.88486624263896
16000 285.18832249015725
17000 344.0180694591892
18000 295.3684812332556
19000 280.8651289300626
20000 252.88470950455053
21000 264.1283482751944
22000 256.36758948479644
23000 342.04336358337406
24000 260.76954025565584
25000 120.75039941377308
26000 315.4284930295388
27000 399.139853965625
28000 299.9814566254755
29000 700.234934266851
30000 567.054569884065
31000 420.0425104080729
32000 557.9876083328651
33000 305.2591341615315
34000 304.1278327784567
35000 375.3077756906757
36000 331.10416181659747
37000 443.2910842377272
38000 420.49026141238346
39000 599.2943487011132
40000 502.27199237165433
41000 496.9898458751106
42000 656.3934608668764
43000 526.4294047205915
44000 565.1735589460886
45000 517.8057523385197
46000 233.05927769875584
47000 511.82087295668487
48000 603.2359746468011
49000 806.6147808539462
50000 600.8367324829973
51000 777.7194646759294
52000 658.2521772182818
53000 567.7407571999578
54000 740.4931170240175
55000 741.7595140669471
56000 704.6431043181151
57000 851.162680963234
58000 832.9370632851012
59000 701.6504376633891
60000 695.2146399214622
61000 790.3730612875474
62000 704.5307072102263
63000 807.236651958941
64000 497.4637368368203
65000 721.9561836417341
66000 703.2731206457125
67000 812.521732473934
68000 752.1705966160062
69000 1172.6113857375713
70000 804.0950520967691
71000 676.1838719511077
72000 554.8816466205056
73000 419.17968420561783
74000 275.99035012005527
75000 762.5458679356202
76000 403.54576260633684
77000 912.8932732595591
78000 595.6872098095654
79000 696.1690114485558
80000 834.3737938629395
81000 790.6224827879423
82000 837.3307740346809
83000 1235.6050596943703
84000 1004.5321813043354
85000 923.1359985865171
86000 2327.2829099590917
87000 1177.4971100711077
88000 1108.9733673724156
89000 942.4013284682951
90000 1326.8032800905505
91000 3179.6770182712235
92000 1158.2205379428947
93000 1355.3001441229678
94000 3187.680513692772
95000 1313.966543696
96000 422.2347717379472
97000 3103.935885353495
98000 1051.377311871359
99000 2607.5297930697498
100000 1907.1636108333028
101000 827.8770284636869
102000 766.0333191300238
103000 961.742029444107
104000 792.0975504331503
105000 1008.7227293954365
106000 789.996542762704
107000 789.0455747421628
108000 826.9503963454536
109000 1063.7104732558716
110000 1249.379709055061
111000 495.1289550596081
112000 664.6843429577775
113000 923.1476149457756
114000 1929.697221354653
115000 790.8394972848004
116000 874.6683411527152
117000 981.9912053447606
118000 849.4260228476296
119000 830.8530508911439
120000 1459.6068439457035
121000 797.6963700034923
122000 458.52405553090995
123000 753.1130960593925
124000 848.6061400423803
125000 913.4524935188156
126000 1118.6599061334905
127000 822.2402390867285
128000 850.2015923873134
129000 325.7824413136044
130000 1091.635888242839
131000 964.9757556331966
132000 1253.6970984248635
133000 942.0853711649504
134000 1101.1937642398914
135000 1293.8398261209536
136000 853.1874662672805
137000 408.42667898058056
138000 560.4061476048798
139000 653.559120675797
140000 652.5026700242341
141000 827.0507330066963
142000 765.2435922834869
143000 821.1969995185997
144000 458.50088018549485
145000 431.9463542797418
146000 568.5710327481779
147000 630.9347192423567
148000 546.7403950558613
149000 430.7849322262252
150000 736.4707644319984
151000 459.6195387946931
152000 847.2465759918762
153000 681.5192147346827
154000 760.4597075525114
155000 706.4328321312352
156000 739.2718508057551
157000 700.270723723766
158000 758.6981112551988
159000 731.2474201784589
160000 707.7523367836313
161000 876.8551372529304
162000 899.45825360809
163000 927.6021150285596
164000 1072.0358511150073
165000 1541.5971169548202
166000 1475.6829474606088
167000 3071.867507876938
168000 1817.1187252569894
169000 3112.2692516146185
170000 1518.9546180860616
171000 1075.4430569433168
172000 1374.302888710899
173000 1032.4243784737257
174000 1822.8961314694266
175000 1879.0508124914122
176000 1301.1030226958858
177000 1265.9066909408366
178000 1382.5198528899464
179000 1674.3238762908854
180000 3257.1088826708433
181000 875.9623479465365
182000 395.140998837177
183000 1733.7666088775918
184000 1896.3936771259955
185000 2894.8068313296853
186000 2773.1764782212827
187000 2479.491978059843
188000 1505.4823543506493
189000 2754.090581130179
190000 2584.2403021406885
191000 3015.3688937596166
192000 2599.729796087809
193000 2269.4615206122953
194000 2977.889727916851
195000 3186.0507905243057
196000 1665.0519046535246
197000 2167.1622939744925
198000 1658.9362538331861
199000 2333.2767919453095
200000 1166.9489369961134
201000 1387.1958820637728
202000 1692.4636780704527
203000 2497.1799585378167
204000 1789.2023586361088
205000 1391.4824745342194
206000 3154.755100220452
207000 1571.2452261160065
208000 1426.7833138500032
209000 3151.272195078207
210000 1951.8740034300195
211000 1866.8957102286433
212000 532.485250238672
213000 1395.2885203833516
214000 2189.1056750479866
215000 3176.7580006383537
216000 1021.687192516941
217000 1071.495900052271
218000 2045.5476335932085
219000 1921.495137641686
220000 1873.1261805128227
221000 3073.832924927756
222000 1100.1278669940464
223000 592.1106051017834
224000 1260.4593219604283
225000 1683.8729587830767
226000 1772.0572039420326
227000 1371.1124828799843
228000 1099.9041513205875
229000 1358.800230758723
230000 873.593642633642
231000 1655.6260875129633
232000 1648.9402566473884
233000 1607.5180297733616
234000 1164.4851261039491
235000 1690.2645284998284
236000 1308.814403345812
237000 1697.319260369329
238000 2514.6261998346627
239000 2610.5402711398465
240000 2846.2696469425196
241000 3042.077401420097
242000 1862.9907307440476
243000 3265.8845665877434
244000 1935.2098838714314
245000 2352.8583110992868
246000 2693.706798254811
247000 2419.865573786666
248000 1358.5714073288532
249000 2609.916395832158
250000 2999.2340438973315
251000 2112.665409291056
252000 1174.1616538914461
253000 2474.112163210411
254000 2848.216384173832
255000 2472.0580699664797
256000 3214.6141439925245
257000 2761.5617734723905
258000 1777.2339869857708
259000 2310.7543436657215
260000 3124.912955308074
261000 3290.436385617005
262000 1746.368976017789
263000 2591.0684542921313
264000 1840.5413222131342
265000 3268.123656694962
266000 2034.7202470768466
267000 775.1794167961228
268000 3094.5572634885975
269000 2769.0208671653977
270000 1461.9851564474259
271000 2633.644414938026
272000 2740.610478552716
273000 3155.6854831353658
274000 1747.194964236911
275000 1537.6077461955542
276000 2935.192574458308
277000 2608.589895948703
278000 3075.5740373750227
279000 1782.8737710221558
280000 2317.013923467057
281000 3169.5276050154885
282000 3218.235615704077
283000 2434.8379994524294
284000 2956.628570519971
285000 3186.5187561408384
286000 2228.8731706391263
287000 1716.7735714591047
288000 1495.9250822897961
289000 3226.395778321187
290000 3110.2966592489247
291000 2933.8922733587574
292000 3207.631496141706
293000 3057.639290649814
294000 3229.2049584248334
295000 2929.4823473835413
296000 3213.8576089967346
297000 3301.129807833665
298000 3231.450402078431
299000 3264.0705854678017
300000 2744.4302727389722
301000 1632.7346105769243
302000 3221.198110872443
303000 3089.787807447029
304000 2915.8348367670706
305000 3139.727987407288
306000 3235.6799681533885
307000 2892.3582591976156
308000 3091.0536416532677
309000 1956.5300044674823
310000 2008.689670786494
311000 3223.2840086542997
312000 3210.149535466095
313000 3251.9716020857886
314000 3146.3870801663584
315000 3265.763680297484
316000 3169.0482361323016
317000 2374.0319869193795
318000 2083.7743356401875
319000 3185.7448424388326
320000 3239.2373549767008
321000 3053.062297052124
322000 3211.027482741748
323000 3023.469645244289
324000 3173.8892011877697
325000 3283.3706983235934
326000 3149.732486697928
327000 3130.8794749459707
328000 3197.4506570429144
329000 3124.1414524783872
330000 3145.7142205534597
331000 3272.6545214598154
332000 3199.0007818023387
333000 3203.6681502952483
334000 2985.4619648329854
335000 3248.5336011394743
336000 3145.271777840726
337000 3162.7575893820567
338000 3220.5846792720426
339000 3324.2249372226806
340000 3282.7365736037063
341000 3277.1514700427697
342000 3220.9648094291656
343000 3205.2492267394737
344000 2979.0906251929496
345000 3271.8568719738587
346000 3199.853285931493
347000 3305.829380025117
348000 3177.948027636593
349000 2979.1587402710084
350000 3209.6146878958416
351000 3182.4384470284244
352000 3318.6673909125625
353000 3302.5393865273554
354000 3256.6688707118046
355000 3302.7305341686747
356000 3267.723529422995
357000 3275.591557521271
358000 3363.4629783837286
359000 3315.3194677253805
360000 3299.7097567727446
361000 2809.2077612010185
362000 3332.55715987238
363000 3339.4672866507826
364000 3330.429843591469
365000 3355.859980994149
366000 3353.305238666996
367000 3283.1218872298587
368000 3283.327423972979
369000 3384.894772397184
370000 3304.1696153631356
371000 3327.299119888303
372000 3347.0554887333165
373000 3318.699288090507
374000 3307.994183315267
375000 3331.8504730020854
376000 3306.8717992172196
377000 3285.4295321154327
378000 3322.7901782087783
379000 3310.7644527358307
380000 3291.0726467318905
381000 3315.772639770744
382000 3312.833761568848
383000 3301.7589393889148
384000 3312.6246721610178
385000 3285.6802403654974
386000 3325.9819752298063
387000 3344.567179549482
388000 3309.1246921355623
389000 3361.9321551040093
390000 3365.788980501688
391000 3396.0356971231486
392000 3341.07135057725
393000 3380.1870609935345
394000 3387.9490541867262
395000 3137.0430261303504
396000 2344.5526836727054
397000 1936.7087571258824
398000 3341.8067094547505
399000 3385.0581226746895
400000 3426.3095946590074
