2000 188.12877084347465
3000 77.29470421875631
4000 69.80581012461576
5000 128.13287859518385
6000 308.73793274515305
7000 255.0599178185017
8000 244.2057329962816
9000 273.38073736129206
10000 380.49372369336095
11000 1049.4672276713573
12000 343.02239176071845
13000 313.0131489457659
14000 315.28985796541593
15000 313.23877729261255
16000 319.3200758194847
17000 319.73741544064757
18000 338.07656978017576
19000 244.4257930875427
20000 274.63600978433226
21000 294.7781985613391
22000 266.6794387453837
23000 262.812422510069
24000 324.2593249616856
25000 318.1499641950374
26000 306.7155063814304
27000 344.8663884234434
28000 488.7841796395348
29000 70.75676750333787
30000 128.68717447640924
31000 364.6799301289021
32000 369.5171250994718
33000 323.0192423360435
34000 321.7994233503004
35000 330.89412936963714
36000 338.43863349164945
37000 345.2866722778957
38000 350.0003464800793
39000 360.6924310820067
40000 365.18878208209196
41000 349.2685416789683
42000 322.85728306204624
43000 313.40641960134633
44000 306.3186796796773
45000 310.43748514312756
46000 315.53584511348976
47000 316.3931778657342
48000 324.6556855294854
49000 320.64827383435295
50000 344.7135282031145
51000 376.80755165080143
52000 257.2079742076646
53000 370.45804243574025
54000 346.8044470904096
55000 459.2244093954432
56000 490.6939805677904
57000 481.9503837545987
58000 347.98835993200123
59000 344.78503575455346
60000 311.3019713734675
61000 333.8773742799494
62000 273.3429911152397
63000 301.97926701187737
64000 353.94132840306696
65000 384.5290271486033
66000 324.0516570645178
67000 330.29129148526624
68000 329.00484620523054
69000 370.32435200300614
70000 493.68135341959925
71000 452.66889407478095
72000 471.16911871021284
73000 468.7476310073498
74000 420.1288577438751
75000 408.83925064284
76000 465.7529000719004
77000 416.3238259763051
78000 479.5475089268901
79000 488.3696897388555
80000 453.71421359027136
81000 410.92129546699016
82000 396.7557997194702
83000 471.56052408393396
84000 472.92721239659306
85000 551.4819740862129
86000 533.5583405013638
87000 541.3016669936536
88000 513.7774842075579
89000 425.0771756049647
90000 402.89728618264735
91000 424.7667311013489
92000 427.81691555416427
93000 407.8885502152737
94000 419.77685334889765
95000 445.36550049684786
96000 519.1903020750705
97000 499.88917985590206
98000 511.52881941343185
99000 478.0641894292736
100000 481.41185664995663
101000 464.83078772127794
102000 479.59755567239847
103000 443.5407400378168
104000 512.562410956661
105000 455.03159936424527
106000 555.1725983761735
107000 554.3137042762814
108000 618.1786638764888
109000 681.4225901374889
110000 736.0379515555242
111000 822.2997949539831
112000 775.1423670589749
113000 921.6831669795067
114000 938.0765551879342
115000 1308.2881038377736
116000 1488.284643927386
117000 1317.1825983674014
118000 881.9271097155037
119000 1108.7957041249915
120000 852.1048254731006
121000 721.6842028950336
122000 1181.562287562054
123000 1091.491880225773
124000 1244.031003922994
125000 268.1935554603511
126000 1128.226260810912
127000 2844.4354091642786
128000 1982.4018564334074
129000 3078.810848269397
130000 2871.588261228385
131000 1853.6849860078655
132000 1449.1505603240973
133000 1172.7465012296766
134000 2934.568918448892
135000 1669.037983950603
136000 1273.8046709977066
137000 2323.6958434383996
138000 953.6805007180194
139000 918.1579558179604
140000 2635.9582649924437
141000 1324.4046725412395
142000 1214.1619122260165
143000 1579.3736762707258
144000 947.526365894759
145000 928.9780868309899
146000 944.8783942704082
147000 1293.1686047675084
148000 2070.8012082958585
149000 1079.323255290711
150000 1873.6314104721
151000 917.5674321143986
152000 1062.067712726904
153000 934.7788671164539
154000 947.0815872372026
155000 1359.985079972424
156000 968.5827578554438
157000 2336.407187794619
158000 2274.671699384239
159000 1606.645975759197
160000 803.9767407476895
161000 2451.3710771745673
162000 1207.466019996181
163000 1189.8193711922784
164000 1156.289842432408
165000 660.9562688017616
166000 1524.2699078657404
167000 1290.5537160122187
168000 1140.8294487682256
169000 594.8805058346243
170000 1161.6650880132677
171000 943.3121234842398
172000 1099.3217447437712
173000 919.9843707661632
174000 1081.3609858741586
175000 1580.6906614532786
176000 1195.3079616707698
177000 1836.3511536337132
178000 1723.110272581178
179000 880.7137733024449
180000 891.1772751719454
181000 1227.4503621743017
182000 1284.249611862123
183000 1689.693825563214
184000 1644.7383082488384
185000 1528.0889935500124
186000 1984.7849246993137
187000 1127.3898852134641
188000 857.0775922657347
189000 864.57584688668
190000 838.6830601956729
191000 1466.0767358549197
192000 286.3707602675593
193000 2974.730487251257
194000 2157.791846441858
195000 1271.8629206228122
196000 2972.815844590545
197000 1617.1203652392976
198000 1715.3308264321884
199000 1464.0839345919653
200000 1724.3261647173883
201000 884.3508943958861
202000 892.08087799099
203000 941.6708099320292
204000 1696.1587158806851
205000 1773.3229941265272
206000 1885.5116184522012
207000 1325.6335426211306
208000 1490.6332719070174
209000 1599.8637679551302
210000 1756.9836951293014
211000 945.2524982244822
212000 1067.443969453095
213000 2546.470417373124
214000 1873.3471159467451
215000 1486.4122995801076
216000 2531.399558765129
217000 1459.827643530291
218000 1781.9888110896306
219000 1146.5431985575688
220000 1448.1296503117035
221000 1371.5187638629245
222000 3225.31828467399
223000 1256.8135553403235
224000 1438.298656803297
225000 2903.7423317039966
226000 3103.8242103218936
227000 1616.6316847406085
228000 3179.8089982359115
229000 1240.4185840972877
230000 1761.1432616321104
231000 1960.0590367507957
232000 1480.1912069851057
233000 1249.7642019313496
234000 1622.0920661201321
235000 2500.920294281491
236000 1627.916414615883
237000 3190.0751213624076
238000 2339.494877594532
239000 2878.571212639685
240000 1550.8313269240525
241000 1538.6160557041992
242000 1726.272130466569
243000 3154.2598134853015
244000 2969.1544889615607
245000 3009.189731838579
246000 2199.818760398545
247000 3154.440829772048
248000 3013.3817964819277
249000 1903.1082618086518
250000 2090.6285699767113
251000 3138.513761953253
252000 2034.4203611457747
253000 1603.650986533009
254000 3026.521407195987
255000 3155.9462509423583
256000 1849.0818547334245
257000 2350.179928535287
258000 2304.9841460137054
259000 1664.892589333072
260000 2446.3255354367457
261000 3144.4122307178686
262000 2667.8599472542774
263000 2881.4403653363815
264000 1200.3425818666224
265000 2097.374464590688
266000 1022.8862668900956
267000 1209.5648533907593
268000 1769.660938073213
269000 1200.6143877010043
270000 1532.506069218776
271000 1358.7856312543013
272000 1246.38100689552
273000 1289.0152324741316
274000 1924.7309071132847
275000 1364.3888615711871
276000 1174.44210692014
277000 1288.9937609496974
278000 1268.7467582695092
279000 1469.0873308983714
280000 1344.9423069212346
281000 1473.3038203326116
282000 1474.9143246075873
283000 1212.079406473304
284000 1344.2141886511524
285000 1755.474900029285
286000 1468.8184645089805
287000 1300.727640731274
288000 1757.7912385530394
289000 1716.7529727958558
290000 1804.5228941419111
291000 1645.4073604713667
292000 1080.9465072960388
293000 1330.1217739168228
294000 2390.0927573057243
295000 2247.2438481123045
296000 1090.9345631635217
297000 1650.6950736527572
298000 1780.809269472556
299000 3078.815191247768
300000 2895.960776730065
301000 3125.9032562041953
302000 1487.7821958724446
303000 3042.1560153275914
304000 2651.591742508996
305000 3144.4117441399544
306000 2617.881028513007
307000 2487.527924325156
308000 3156.9350158623934
309000 3119.6945493085627
310000 1817.575388827006
311000 3177.809909626087
312000 1878.3684686520016
313000 3170.232064208544
314000 2022.200020463813
315000 3093.5164061077526
316000 1428.8257836786017
317000 3105.6404641225054
318000 1234.5110193090818
319000 3129.8647266783364
320000 3079.0051690792047
321000 1646.7218210984495
322000 1086.1366215000767
323000 1926.2317215497492
324000 2165.294173739465
325000 2863.2432585761003
326000 2224.242946992232
327000 1265.395010183996
328000 2351.36376335963
329000 1272.764734979001
330000 1094.1157408740241
331000 2649.0293969688364
332000 1292.6406538874994
333000 2043.4757536519041
334000 2356.7668862042374
335000 1213.0662827459032
336000 1499.3241114426223
337000 1765.968551708486
338000 1333.5722829459862
339000 1556.8593844667898
340000 3226.8746795134703
341000 2833.8248402202726
342000 1536.828540867438
343000 1264.6934782893281
344000 2856.824045959071
345000 2889.599685685894
346000 3070.2318827765666
347000 3185.385021665929
348000 3256.8659963062055
349000 1772.6175394568577
350000 2471.423281180316
351000 1542.6885159858678
352000 2180.2493477227245
353000 2041.6621455024172
354000 3030.478126851694
355000 2147.3398220962713
356000 2774.9242270262525
357000 3195.3245897475726
358000 1460.449591046668
359000 3077.2171910498882
360000 3067.714544742341
361000 3201.6270217166257
362000 2703.511117401477
363000 3267.863823353734
364000 2319.712464227104
365000 1431.2018458484945
366000 3271.462990752319
367000 3097.946959022387
368000 3180.8880714351844
369000 2201.2462462527806
370000 1441.8922394764538
371000 3270.043996213487
372000 3057.592787143397
373000 3260.7916531860137
374000 3268.9838041531775
375000 3135.8305682404725
376000 3268.403143213179
377000 2378.9506563371174
378000 3205.1975058998987
379000 2474.9149422744345
380000 3268.505711077059
381000 3262.625915063946
382000 3282.736716787161
383000 3284.9901336322882
384000 1652.6617246083702
385000 2446.8947682703865
386000 1822.7760876523075
387000 2673.8845879292016
388000 3299.4222611602554
389000 3296.9773794923044
390000 3098.4238312488087
391000 3104.3554825878796
392000 2155.7169222723173
393000 1650.2166003134007
394000 2505.948789308358
395000 3133.6444351609944
396000 3308.577677995649
397000 2202.5132887694963
398000 3298.331833178962
399000 1661.3366393045283
400000 2438.808930412365
