2000 -0.7230092018335149
3000 -5.936542886062102
4000 -10.67137393300704
5000 -23.87909214501247
6000 -131.63836832296943
7000 -135.85797485826384
8000 -142.4728338785838
9000 -170.8773316011336
10000 -8.140132503730984
11000 -233.3061660626572
12000 -68.90805446538519
13000 26.97913168766264
14000 109.51625843255829
15000 225.18631318903695
16000 485.32903454973575
17000 618.7292509155338
18000 674.2163479902305
19000 645.0047224117941
20000 641.9908123865061
21000 989.7261917054869
22000 858.1067314767545
23000 728.324511847786
24000 905.6550740689345
25000 1134.2545620587819
26000 1329.2528922669314
27000 1543.9537529817703
28000 2157.328970942041
29000 1742.293831526144
30000 2017.9761648285312
31000 1901.923692895773
32000 1795.358644133525
33000 2733.055664915011
34000 1307.9740099165613
35000 2830.7192944409335
36000 3191.8527421232757
37000 3612.3015185192644
38000 3041.3273545943894
39000 3424.0486348590334
40000 3423.282325398695
41000 3134.351701567023
42000 4422.01722042046
43000 4191.038505784638
44000 4522.287709857465
45000 4707.460511392867
46000 4780.591020816935
47000 4804.467995164832
48000 3635.864226387907
49000 4978.17655453201
50000 5071.1943531131255
51000 4944.018773406298
52000 5101.119113400899
53000 5436.716510207145
54000 4912.979235979203
55000 5591.337227880358
56000 3407.7331505203956
57000 5172.851167011971
58000 5658.446253941186
59000 5115.15574471521
60000 5469.739967935704
61000 5103.008689737593
62000 5819.466295484794
63000 5710.225650792107
64000 5326.806238165867
65000 5766.112209453115
66000 4867.2350098592115
67000 5829.50808397943
68000 5607.374989642476
69000 5895.4401199592485
70000 5635.100592942859
71000 5768.651780239622
72000 5913.278219631323
73000 5700.244840571284
74000 5984.783440591324
75000 6036.3585175472845
76000 6033.273443118344
77000 5193.0927240878345
78000 5874.034696193261
79000 5951.6731942798215
80000 5905.075091872649
81000 5887.550081481668
82000 5931.196387948183
83000 5976.993472005821
84000 5968.084537074589
85000 6109.194590277831
86000 6165.339739182484
87000 5942.676347876883
88000 6050.0521880607885
89000 6106.976576330953
90000 6325.515409160891
91000 6253.439000234686
92000 6273.057457929579
93000 6076.14486613298
94000 6344.452768478117
95000 6291.324512079824
96000 6283.801366168613
97000 5710.426005095893
98000 6228.226479024178
99000 6223.724209481054
100000 6144.685649751717
101000 6541.304627454381
102000 6640.410364274814
103000 6456.240486796781
104000 5623.331617408891
105000 6590.46207432902
106000 6685.2379857599735
107000 6755.203351416334
108000 6591.898550761881
109000 6668.918741621799
110000 6640.012116693327
111000 6765.771141238934
112000 6696.748034230953
113000 6809.730579863108
114000 6754.075764278549
115000 6768.571006764687
116000 6719.310307446416
117000 6677.653205892137
118000 6822.430487879578
119000 6896.646973672003
120000 6818.613571394989
121000 6830.088738610185
122000 6660.371306019685
123000 6809.768474759873
124000 6893.542106346569
125000 6845.319152813065
126000 6938.960224060655
127000 6714.3983518107125
128000 6947.028456014697
129000 6876.157399945985
130000 7001.036700229315
131000 6794.5069659605
132000 7073.831847267431
133000 7000.817215790329
134000 6998.836816313704
135000 7106.648830233384
136000 6928.887180126641
137000 6921.691536750247
138000 6847.309705120502
139000 7110.661741114743
140000 7206.744757966534
141000 6508.411842654167
142000 6979.850373119657
143000 7180.256276566937
144000 7197.769468038433
145000 7102.5001004427295
146000 7149.537621393443
147000 7264.964256138226
148000 7204.234418899653
149000 7121.232466579671
150000 7292.079076605465
151000 7285.4754868454065
152000 7196.322442411896
153000 7225.612718304265
154000 7329.380922050511
155000 7359.189833240802
156000 7371.260309520973
157000 7358.164471625033
158000 7304.09579201097
159000 7180.753637215768
160000 7435.15576363712
161000 7435.453269894504
162000 7458.66876837997
163000 7366.066202378608
164000 7514.472678866929
165000 7308.2077458782605
166000 7143.315395333775
167000 7413.313421793457
168000 7474.254941015281
169000 7570.5213569814005
170000 7368.98450314175
171000 7466.090102519219
172000 7615.225267504853
173000 7443.621382889623
174000 7386.896173440476
175000 7501.821661821773
176000 7674.713432297349
177000 7691.998176408805
178000 7667.527693012084
179000 7684.328716919465
180000 7600.0480117519855
181000 6372.697097628054
182000 7613.557664450011
183000 7496.234670962158
184000 7686.684800966173
185000 7511.499330642022
186000 7686.731130675238
187000 7785.450223170034
188000 7636.413193445873
189000 7858.66089238111
190000 7681.365228274891
191000 7833.309562566763
192000 7446.136120570161
193000 7691.758503208725
194000 7816.628876003179
195000 7789.178196657822
196000 7786.257100789713
197000 7875.656831702397
198000 7520.111620455461
199000 7887.915335821507
200000 7697.287788597057
201000 7710.72492251891
202000 7741.610054457366
203000 7863.873634155988
204000 7631.305986218588
205000 7981.961814729977
206000 7998.227904805038
207000 7728.3155320113965
208000 7943.055189564398
209000 7982.061566075715
210000 7770.197920969944
211000 7901.919115762095
212000 7945.058915649219
213000 8008.096261341942
214000 7786.8482138619975
215000 7800.957245891385
216000 7868.058610105889
217000 8068.617032421533
218000 7999.78186366231
219000 7886.574169229377
220000 8114.535408169724
221000 7690.73964451803
222000 8199.459923131717
223000 7954.149112590739
224000 7934.413407661161
225000 8063.562717806027
226000 7978.0768835314375
227000 8098.414888538049
228000 8078.45494938603
229000 7972.036235497983
230000 8048.975117837338
231000 7739.515096006374
232000 8134.577635760172
233000 7981.076645551393
234000 8236.353197777124
235000 8289.127682241351
236000 8123.395844975379
237000 7896.811822828953
238000 8104.34551726994
239000 8109.769814028463
240000 8049.9886826064585
241000 8209.53719046085
242000 8170.21607057739
243000 7917.508867305043
244000 8175.0119635475785
245000 8501.775514927702
246000 8109.875343740406
247000 8242.952332308229
248000 8171.548207384025
249000 7803.3349862725245
250000 8223.05219250492
251000 7963.696882702937
252000 8095.261552954575
253000 8120.503372926255
254000 8235.300171261577
255000 8378.134796033426
256000 8527.26918035019
257000 8311.57600239365
258000 8433.308609991638
259000 8270.52855612661
260000 8455.99261555318
261000 8345.108297456321
262000 8445.327690874221
263000 8520.181101506147
264000 8289.414795551427
265000 8252.840488058817
266000 8470.207992026368
267000 8277.65998904947
268000 8372.593216075165
269000 8251.650635330987
270000 8484.839542100937
271000 8253.709425319565
272000 8521.477381993122
273000 8430.258266146653
274000 8395.17983194897
275000 8517.161383806826
276000 8642.81953389422
277000 8454.820885290552
278000 8564.344886134619
279000 8346.420304904253
280000 8355.540098431358
281000 8271.489277715886
282000 8384.886135280007
283000 8533.262609089184
284000 8253.9447268017
285000 8497.875935592083
286000 8392.726383130781
287000 8270.001252984195
288000 8535.781506533598
289000 8367.116972599197
290000 8319.809903994446
291000 8314.280395319563
292000 8538.382559034464
293000 8263.072398877957
294000 8535.27999716858
295000 8450.461182946168
296000 8369.57879259785
297000 8663.089916259112
298000 8461.42169204899
299000 8390.095617738183
300000 8566.85567615509
301000 8616.432149780358
302000 8288.353730464049
303000 8607.03392766856
304000 8500.10321569815
305000 8433.734014314472
306000 8500.664861706924
307000 8545.297599641312
308000 8396.094234026936
309000 8514.415435078197
310000 8547.864360550557
311000 8696.663563605578
312000 8502.447391321806
313000 8444.263806009676
314000 8677.20086466357
315000 8560.246969255135
316000 8215.575236700884
317000 8413.04622743203
318000 8430.696915259885
319000 8542.858308756093
320000 8335.889085230734
321000 8500.308219475355
322000 8600.809389102316
323000 8704.688290849668
324000 8463.777768537966
325000 8547.902807202025
326000 8678.30073426832
327000 8672.40873822274
328000 8844.758482918913
329000 8618.87568182933
330000 8723.439303164507
331000 8771.230166282583
332000 8677.214982758449
333000 8727.332784041275
334000 8524.668320905988
335000 8560.13885512272
336000 8668.335495761647
337000 8772.07631796657
338000 8637.622812750129
339000 8727.725537900793
340000 8662.161681554577
341000 8672.792743457188
342000 8708.97237305024
343000 8752.911432576586
344000 8800.677727562299
345000 8736.73366202324
346000 8802.85728665025
347000 8842.587882912483
348000 8902.568637380344
349000 8825.042553383424
350000 8614.064656208071
351000 9071.273454919417
352000 9017.020251531354
353000 8828.332400248171
354000 9024.784206356115
355000 8893.816230482615
356000 8740.160915403629
357000 8915.282308414204
358000 8826.415274240364
359000 8808.574435678882
360000 8824.487127584665
361000 8789.063081133138
362000 8850.841991857018
363000 8898.538910915175
364000 8983.68805772624
365000 8836.070686357072
366000 9114.896043037461
367000 9020.259139730282
368000 8904.490854240961
369000 9232.948835376174
370000 8753.694836940733
371000 8934.858641276665
372000 9089.05798367613
373000 9055.957625710489
374000 9075.211225234634
375000 9019.521128200318
376000 9097.800146243146
377000 9175.513488882832
378000 8838.72645592744
379000 8937.310279835849
380000 9045.077559556608
381000 8887.927003510393
382000 8882.724447280883
383000 9008.182093138672
384000 9084.659515497362
385000 9039.084678794441
386000 9090.079223395132
387000 8924.47291066957
388000 8931.005689642177
389000 8977.580021900663
390000 9021.009529029978
391000 9135.423181106778
392000 9114.91230783683
393000 9264.225023731826
394000 8853.266440870444
395000 9153.933089285894
396000 9150.069071212009
397000 9068.458956157854
398000 8933.861162661526
399000 9216.067844241023
400000 9129.930275907858
