2000 -2.0365816749912233
3000 -9.14963981002926
4000 -14.866492327164233
5000 -72.89506671872195
6000 -171.33705249673363
7000 -308.1656166141055
8000 -446.98798335503005
9000 -159.458373962434
10000 -22.606235044359362
11000 70.68597575981858
12000 385.3689563924364
13000 471.19005539460613
14000 698.1448589943217
15000 1056.189306276075
16000 435.45047392404115
17000 1107.6840806651696
18000 1146.8102818229993
19000 1391.0874905172009
20000 620.0723936899847
21000 755.8094817547596
22000 1987.1729837947507
23000 2035.2217408246281
24000 2266.2423002363876
25000 2351.7208967772262
26000 2481.999786268758
27000 2587.5122327129216
28000 2894.4409381111413
29000 2345.3149882803914
30000 2935.944640651641
31000 2845.385706135959
32000 3143.214108795642
33000 2706.2053954338858
34000 2452.984363148413
35000 3121.27156112171
36000 3497.4684365173985
37000 3408.3300190662208
38000 3453.5393158254024
39000 3327.6893502639055
40000 3834.841805309962
41000 3882.4129915578355
42000 3669.4676703951977
43000 3830.592958337866
44000 3988.49703065214
45000 3905.549207072182
46000 3968.192686204172
47000 4129.244762446135
48000 4355.798154366295
49000 3668.982511430603
50000 3379.5346089072727
51000 4228.4540640659225
52000 4503.467881762119
53000 4103.410445357271
54000 4597.02768695606
55000 5051.8317948758395
56000 5015.8685690268085
57000 4881.890814929657
58000 5161.586342482149
59000 4474.053375656799
60000 5183.352712068642
61000 5046.094760464186
62000 5362.596488094668
63000 5215.349258681621
64000 5408.012572419936
65000 5522.274474923971
66000 5473.333849644243
67000 5322.626059268067
68000 5386.2865573560075
69000 5737.390379360166
70000 5640.831960641046
71000 5660.5005233526845
72000 5792.82173773251
73000 5880.272968210173
74000 5842.6988702987865
75000 5847.492991633771
76000 5992.572103966321
77000 6019.047651242048
78000 5915.982265286924
79000 5980.780549026593
80000 6080.883551769472
81000 6104.381693148617
82000 6161.22261645618
83000 6112.768656084101
84000 6236.675310329778
85000 6282.472866922893
86000 6258.801822682128
87000 6557.777555336683
88000 6269.313468245442
89000 6569.850572561382
90000 6537.013077942226
91000 6478.290365350136
92000 6164.425300529442
93000 6178.601790504114
94000 6775.254439808993
95000 6675.719120364463
96000 6708.6519515096925
97000 6120.80056272446
98000 6921.813244326263
99000 6906.833357744273
100000 6826.4454160038995
101000 6816.329679239559
102000 6624.490477163534
103000 6199.582252796631
104000 7146.892160450983
105000 6936.387316481133
106000 6805.263220422244
107000 7241.51316710362
108000 7123.850789570723
109000 6927.076161379919
110000 6278.949223205379
111000 5454.410258744627
112000 7241.652704601673
113000 7079.0771813606725
114000 7372.330868384781
115000 7639.144355584498
116000 7464.843834353558
117000 7540.858817447355
118000 7660.989262303809
119000 7595.704500294349
120000 7129.172120314179
121000 7878.04910756001
122000 8086.73450183021
123000 8013.4492410964785
124000 7928.017349104205
125000 7696.778251261178
126000 7670.349519956524
127000 7632.809316527984
128000 7890.70457706454
129000 7780.980188881758
130000 7246.041617800331
131000 7572.04281989155
132000 7895.676923105662
133000 8083.557212910395
134000 7058.032838473894
135000 6073.074200821402
136000 7636.626725876313
137000 6968.333979884282
138000 7424.924899298811
139000 8184.4820969129705
140000 7658.329414000953
141000 7528.7072978638
142000 8300.21466241057
143000 8477.599814414581
144000 7274.646588090378
145000 8056.125707628994
146000 7158.9203666338235
147000 8724.55698798531
148000 8164.532738863434
149000 8769.158932092643
150000 8442.926994827378
151000 7374.587297304264
152000 8552.683774030904
153000 8753.371945158226
154000 8572.997018440075
155000 8834.460295041852
156000 6808.911366584301
157000 8487.764361178557
158000 8200.197882352722
159000 8297.219780369147
160000 9001.029250945769
161000 8883.874118871518
162000 8443.851143125343
163000 9137.586664732436
164000 8726.351508944084
165000 9163.029703022294
166000 9017.46587266185
167000 8971.853868400218
168000 8692.314887966832
169000 9277.651454257557
170000 9126.441163865991
171000 9479.299524723936
172000 8939.210141107304
173000 9087.89983211494
174000 9255.131890645509
175000 8567.734939363074
176000 9533.727766391294
177000 9150.725692021322
178000 9088.570842961859
179000 9129.695234495608
180000 8906.137697070972
181000 9470.431727372868
182000 9483.72947823052
183000 9317.014964961721
184000 9191.050132797795
185000 9414.288262030317
186000 9772.026164556286
187000 9447.809495249869
188000 9533.147949824157
189000 9533.014386858398
190000 9479.696381614234
191000 9131.609794764441
192000 9739.881319589978
193000 8080.930522966625
194000 9068.040559446892
195000 8003.52480792978
196000 8374.391133654479
197000 9508.230777946723
198000 9547.362191474971
199000 9867.19280177149
200000 9465.205980988228
201000 9206.62432300673
202000 9744.677208644742
203000 9130.199262866947
204000 9371.642121766437
205000 9530.419381135693
206000 9620.90062099831
207000 9669.92176971742
208000 9601.111742421266
209000 9672.060897715357
210000 9708.059297583935
211000 9438.775978482809
212000 10084.92506132278
213000 9510.525872864779
214000 9642.092189673416
215000 8714.388584544065
216000 9606.017738706496
217000 9985.840219107584
218000 9967.859607753866
219000 10128.799722305464
220000 9962.121708430295
221000 9379.155350966745
222000 10175.108206881741
223000 9997.460353929864
224000 10034.157262748982
225000 9847.68556187386
226000 10208.884573868858
227000 9516.326657906622
228000 10098.148526954783
229000 9025.795756216135
230000 10089.82427030163
231000 9419.854038915586
232000 9823.570274629708
233000 9897.082541349953
234000 10136.545516394619
235000 9965.713004683586
236000 10299.23036904616
237000 10025.499997868785
238000 10103.28976024641
239000 9914.977467241522
240000 10161.882746023373
241000 8999.216441604329
242000 9704.569429861878
243000 10083.674601681614
244000 10042.098628243053
245000 10149.44360301005
246000 9914.90630390454
247000 10133.00890081345
248000 9878.831899788553
249000 10149.706331823538
250000 10127.533499208816
251000 10400.866229936351
252000 10158.023302010295
253000 10108.337852823033
254000 10126.836882264839
255000 10321.499157443377
256000 9862.947031114836
257000 10260.582538378809
258000 10276.256955091481
259000 10355.821459171875
260000 10041.880337664206
261000 9963.767140198072
262000 10380.03041823542
263000 10171.950417438837
264000 10422.335699629399
265000 10329.660354580838
266000 10381.98003050021
267000 10303.123962458742
268000 9972.134872898645
269000 10403.796787679094
270000 10240.169272759102
271000 10347.385017783898
272000 10408.570964169667
273000 10365.054670046697
274000 10340.57222606292
275000 10494.073906062527
276000 10260.59191618329
277000 10220.637543693108
278000 10251.458476307864
279000 10166.627939873122
280000 10384.187042536276
281000 10490.55670412387
282000 9745.8968007052
283000 10282.69924921952
284000 10414.155188910823
285000 10615.998889464616
286000 10462.510851500181
287000 10448.06533212279
288000 9912.868250758629
289000 10258.269167276814
290000 10260.684976515167
291000 10391.037323655097
292000 10287.483329997034
293000 10325.619716722942
294000 10397.706395161935
295000 10374.814625130635
296000 10488.074800059485
297000 10046.19143027307
298000 10541.023078744487
299000 10348.506676252484
300000 10301.722370701347
301000 10327.334813621206
302000 10234.68192923005
303000 10097.89019003194
304000 10504.029795357415
305000 10531.535219238574
306000 10292.637419354296
307000 10459.926053512962
308000 10475.595472868095
309000 10357.565091801187
310000 10314.60497152995
311000 10689.227215401927
312000 10488.750867243947
313000 10445.068701615395
314000 10327.65137600211
315000 10047.407780433234
316000 10541.355621563274
317000 10542.42306383419
318000 10547.130560243737
319000 10307.437982970323
320000 10532.194939978079
321000 10587.035150835265
322000 10721.414936936004
323000 10485.789533631341
324000 10421.73537332443
325000 10170.435147152453
326000 10432.573348799251
327000 10613.366989810183
328000 10564.24367321088
329000 10660.895724878348
330000 10202.844929116063
331000 10766.95704643933
332000 10467.38448268777
333000 10016.722776392704
334000 10315.469570508472
335000 10747.420391424337
336000 10578.997814944145
337000 10823.06308083261
338000 10274.758290368798
339000 10475.336065505307
340000 10595.924343730789
341000 10670.811360114489
342000 10486.97292604844
343000 10038.590049126886
344000 10526.50176838041
345000 10844.598144374215
346000 10715.62278326478
347000 10550.483031549202
348000 10821.400847996
349000 10300.755336230422
350000 10728.222407363803
351000 10682.035554446551
352000 10726.672937219244
353000 10856.54688598715
354000 10511.132209543986
355000 10830.345321020754
356000 10787.358143495887
357000 10621.32802102084
358000 10714.480194234227
359000 10334.440136337442
360000 10593.981245533208
361000 10749.918485492977
362000 10635.88585595804
363000 10758.247962608915
364000 10568.203649688901
365000 10826.53533823232
366000 10491.614099855311
367000 10721.31903965213
368000 10660.425565164398
369000 10686.110773888615
370000 10669.556938474201
371000 10882.11564560657
372000 10788.70933622754
373000 10885.673309656962
374000 10703.949138535834
375000 10866.965145305643
376000 10663.105363979419
377000 10652.4689326247
378000 10586.1877216283
379000 10926.429003465226
380000 10707.54580070178
381000 10824.11513699187
382000 10625.150405556155
383000 10732.843743581501
384000 10417.93326135119
385000 10038.3173630793
386000 10620.984457790395
387000 10923.41960945196
388000 10832.534434778998
389000 10962.661895905456
390000 10498.738301489739
391000 10916.718488633667
392000 10738.594822093177
393000 10768.77481763025
394000 10141.145067125306
395000 10930.238633102408
396000 10632.086158851567
397000 10797.862307360814
398000 10680.202464124504
399000 10920.719305149683
400000 10944.780447651594
