2000 -2.643820476769521
3000 -7.030554834517396
4000 -12.85790147476995
5000 89.45094829280194
6000 25.629311957691993
7000 60.368288637472304
8000 -96.08810458633971
9000 22.13696605513369
10000 -112.68467495781438
11000 -135.7440816488351
12000 -87.56247276209669
13000 -101.78816003614165
14000 45.436656500046006
15000 224.8231782756946
16000 171.58387255428977
17000 208.29975036418463
18000 258.3536999141469
19000 648.4536320673303
20000 556.5556146126587
21000 785.8377728875564
22000 989.4107501297428
23000 1605.9574137924267
24000 1415.5588926900643
25000 1848.04481481408
26000 2167.210158484585
27000 2110.000725108931
28000 2676.025632592396
29000 2250.647598208442
30000 3041.3697235696686
31000 2819.049933814063
32000 2727.4397431587904
33000 3382.4238178840287
34000 3490.0191830585927
35000 3451.5421587558712
36000 3739.139538011579
37000 3612.145868079807
38000 3640.647559467291
39000 3770.3444793880662
40000 3767.8367929716937
41000 3429.7340800306365
42000 3842.0733970535293
43000 3893.81310788019
44000 3853.5533174851676
45000 3460.8518093902117
46000 3966.8922376193514
47000 4151.559158148295
48000 4127.199540787611
49000 3680.3843181718576
50000 4210.83882093271
51000 4154.283629660985
52000 3937.1700073505917
53000 3796.9437786561916
54000 3959.8114343590605
55000 4483.694330376338
56000 4472.387593100893
57000 4530.962359232862
58000 4464.0740870563395
59000 4595.015699768285
60000 4467.647119396308
61000 4682.128975067288
62000 4509.283753059553
63000 4632.9702002086215
64000 4432.633252938592
65000 4819.560225369
66000 4753.735720493458
67000 4541.291343363462
68000 4873.12058283248
69000 4844.321998289205
70000 4844.091046852616
71000 4676.8870878322805
72000 4866.015594593713
73000 4915.141151245571
74000 5081.779572696071
75000 4921.811009738376
76000 4983.091212054938
77000 4947.5824016370825
78000 5029.055475182447
79000 5071.774463752212
80000 4967.607007683191
81000 5128.730417073863
82000 5042.077493983846
83000 5120.223208012465
84000 5178.15613600229
85000 5029.788849973588
86000 5253.1296322910475
87000 5153.935721220192
88000 5218.056314491376
89000 5237.281893156929
90000 5174.262429806181
91000 5414.608248109736
92000 5111.115341432598
93000 5329.949694669186
94000 5374.353143779575
95000 5035.158183122283
96000 5392.720704769645
97000 5372.02938715035
98000 5067.745370496693
99000 5429.207809233247
100000 5408.3771764652065
101000 5153.276586134232
102000 5358.318365639056
103000 5175.8298494214705
104000 5534.964756590891
105000 5104.691074497989
106000 5489.156520073569
107000 5158.97852948195
108000 5575.56335747072
109000 5476.1198518289075
110000 5500.823102076129
111000 5595.933028468344
112000 5601.4158752361745
113000 5580.148275724267
114000 5594.425219603575
115000 5526.677127675079
116000 5560.035178741589
117000 5656.752068250215
118000 5593.039126675342
119000 5114.058985833255
120000 5708.883155429807
121000 5643.952130865391
122000 5622.8037220365395
123000 5199.865298667801
124000 5685.808542747192
125000 5629.415232346068
126000 5669.906794379068
127000 5753.16937532145
128000 5225.957343561761
129000 5623.05321442093
130000 5708.477342196142
131000 5748.272966980462
132000 5692.57855425453
133000 5767.244178376792
134000 5687.921246775416
135000 5697.731596439312
136000 5782.759476656667
137000 5384.783432966665
138000 5779.5890440756575
139000 5800.778219378916
140000 5792.459157596591
141000 5725.050668171941
142000 5648.819973438716
143000 5682.342466158263
144000 4876.323575273898
145000 5400.186910870029
146000 5798.924866131187
147000 5778.380185165928
148000 5837.101582579593
149000 5771.057914725499
150000 5774.929124999135
151000 5575.102552103164
152000 5759.844670118997
153000 5870.12632777784
154000 5838.758288897983
155000 5715.582390714351
156000 5818.612831973111
157000 5863.522942156371
158000 5785.074158905285
159000 5832.652515759369
160000 5729.158071687587
161000 5916.059326980328
162000 5837.649046862802
163000 5813.239005915212
164000 5926.514066224947
165000 5665.647376268122
166000 5810.46912915254
167000 5902.466225900198
168000 5773.05145966376
169000 5864.283835731618
170000 5861.446384894734
171000 5877.180193029975
172000 5852.746178001061
173000 5881.640922146726
174000 5927.163118806918
175000 5966.779661349484
176000 5446.920164572915
177000 5955.847705907639
178000 5964.2138840285015
179000 5941.936628859205
180000 5970.982186005306
181000 5452.546131351148
182000 5977.343020035974
183000 5966.424000634706
184000 5954.604205984922
185000 6038.9076510529485
186000 6032.540110736039
187000 5916.331530141872
188000 5981.434691222555
189000 5657.139846570318
190000 6059.674813634221
191000 6008.613114736432
192000 6024.470432125384
193000 6008.459795654509
194000 6072.870054886846
195000 6056.754378448153
196000 5943.010945673695
197000 6042.14524843302
198000 6059.937731863063
199000 6041.833830579167
200000 6074.094369029068
201000 6120.9574459018095
202000 6057.3332117034315
203000 6125.8102556589365
204000 6031.311206035006
205000 6090.851173674508
206000 6070.172369382293
207000 6167.726211790717
208000 6111.864808012682
209000 6171.836678276007
210000 6090.879172161923
211000 6149.108539543653
212000 6076.095907319539
213000 6155.05978540856
214000 6141.46712534445
215000 5984.536289847186
216000 6192.294168798375
217000 6108.182525487317
218000 6091.568753449044
219000 6134.022196514268
220000 6210.009880985047
221000 6210.388912747981
222000 6247.622011726116
223000 6215.585352330587
224000 6246.983039530913
225000 6207.292312717519
226000 6079.874485912866
227000 6250.786041803689
228000 6223.910402740488
229000 6160.82190116221
230000 6114.826047288358
231000 6216.712809103111
232000 6194.132496684147
233000 6239.565244137972
234000 6125.725216339076
235000 6243.173320804896
236000 6256.8485688790615
237000 6274.5899353840905
238000 6204.059280133642
239000 6215.572861931164
240000 6323.896280831755
241000 6187.135809836262
242000 6277.032087458101
243000 6162.8217475111
244000 6201.700828844123
245000 6337.040232709089
246000 6266.641190963359
247000 6278.286069601005
248000 6292.129989613593
249000 6334.708805447573
250000 6300.848011790119
251000 6296.127171069445
252000 6268.987218564969
253000 6278.241230749999
254000 6262.282786385973
255000 6339.355170618337
256000 6327.466263553052
257000 6374.840900906089
258000 6423.785462359492
259000 6356.695273927637
260000 6352.509425579903
261000 6394.49209814097
262000 6326.485324063827
263000 6308.735807096062
264000 6407.1727076928055
265000 6331.310747718266
266000 6329.964524140538
267000 6373.947362828581
268000 6300.682699938077
269000 6377.856398283321
270000 6359.089230411772
271000 6388.502449985966
272000 6415.647487308814
273000 6359.562478469471
274000 6326.455214722764
275000 6345.982529822366
276000 6313.437478572631
277000 6385.87363917703
278000 6431.032023332114
279000 6385.064958918032
280000 6357.193855172595
281000 6477.663269888663
282000 6397.543458498988
283000 6319.450142090381
284000 6351.800864737352
285000 6424.363846148084
286000 6440.15906431207
287000 6371.1256775912825
288000 6452.912255000013
289000 6378.143728021327
290000 6354.442269596157
291000 6354.05248959405
292000 6401.659811939227
293000 6476.782529336405
294000 6382.538895567728
295000 6438.641122735584
296000 6412.985588741664
297000 6427.730150358051
298000 6422.19962531003
299000 6410.351300573716
300000 6492.640146364091
301000 6394.815881835876
302000 6518.4586542616835
303000 6394.450554664416
304000 6444.9236290684585
305000 6429.719909796086
306000 6520.282649354371
307000 6420.266102464083
308000 6438.571002308514
309000 6487.453942202337
310000 6436.248190349275
311000 6410.437588847837
312000 6512.869707393156
313000 6517.780133564977
314000 6530.196317470548
315000 6511.2450834909705
316000 6414.060365575502
317000 6482.548931821255
318000 6450.289451513889
319000 6471.985422702023
320000 6535.669068463659
321000 6518.946293795862
322000 6530.270851524814
323000 6467.455120442248
324000 6478.731956373964
325000 6519.837694619794
326000 6526.207846935697
327000 6535.501992087372
328000 6432.742583491259
329000 6516.5393865571095
330000 6557.935476502547
331000 6508.584970030877
332000 6540.195251368301
333000 6577.417112126588
334000 6511.4318820896415
335000 6120.515672322604
336000 6526.077785111528
337000 6547.574343475203
338000 6579.152443837721
339000 6569.544965065921
340000 6602.005751707255
341000 6597.229674768608
342000 6611.048043529049
343000 6572.977393519164
344000 6551.589433844533
345000 6514.458521899209
346000 6534.243262974256
347000 6561.346276303618
348000 6635.501077093974
349000 6565.899307313832
350000 6584.341487302927
351000 6615.076530285868
352000 6565.03331129382
353000 6604.4243100741105
354000 6620.750829616094
355000 6518.2083165668255
356000 6630.882049791896
357000 6565.789349189208
358000 6598.832776320024
359000 6601.062748302857
360000 6556.781067027854
361000 6589.576117203734
362000 6629.833315905981
363000 6660.051285328732
364000 6542.823333184422
365000 6596.922536086732
366000 6657.870198685286
367000 6537.914308236867
368000 6652.016747086653
369000 6671.316434069702
370000 6538.086023123256
371000 6665.228438899797
372000 6625.491990254185
373000 6649.947055532667
374000 6656.273398751871
375000 6690.473504945519
376000 6663.787431958434
377000 6651.195621081437
378000 6587.918996370696
379000 6685.327214259356
380000 6627.543685034385
381000 6696.776348449227
382000 6729.437305814297
383000 6767.641560059669
384000 6742.3987900345655
385000 6231.868519475093
386000 6672.586721818206
387000 6655.58373653926
388000 6668.4121499793355
389000 6771.44862369797
390000 6625.080589847142
391000 6759.07241041855
392000 6658.808118635095
393000 6677.781063230931
394000 6799.955270006007
395000 6749.301951826317
396000 6761.0440073022255
397000 6709.618337895416
398000 6779.975423207814
399000 6763.492372534781
400000 6789.587313940754
